GKChr10	8090221	8090222	1
GKChr10	2367546	2367547	1
GKChr10	13516890	13516891	1
GKChr10	960575	960576	1
GKChr10	61388980	61388981	1
GKChr10	57526026	57526027	1
GKChr10	61950726	61950727	1
GKChr10	13997719	13997720	1
GKChr10	6413148	6413149	1
GKChr10	40414959	40414960	1
GKChr10	37616269	37616270	1
GKChr10	55912072	55912073	1
GKChr10	16892386	16892387	1
GKChr10	43235206	43235207	1
GKChr10	60060774	60060775	1
GKChr10	997924	997925	1
GKChr10	55438620	55438621	1
GKChr10	31210192	31210193	1
GKChr10	53857276	53857277	1
GKChr10	734789	734790	1
GKChr10	15555987	15555988	1
GKChr10	28597218	28597219	1
GKChr10	60085260	60085261	1
GKChr10	275407	275408	1
GKChr10	59800403	59800404	1
GKChr10	2610361	2610362	1
GKChr10	55122905	55122906	1
GKChr10	39711199	39711200	1
GKChr10	42895011	42895012	1
GKChr10	10626622	10626623	1
GKChr10	59389164	59389165	1
GKChr10	53392316	53392317	1
GKChr10	52627683	52627684	1
GKChr10	8399266	8399267	1
GKChr10	58738404	58738405	1
GKChr10	24510231	24510232	1
GKChr10	16009146	16009147	1
GKChr10	325476	325477	1
GKChr10	52990173	52990174	1
GKChr10	60940499	60940500	1
GKChr10	61079238	61079239	1
GKChr10	1930380	1930381	1
GKChr10	13676946	13676947	1
GKChr10	61375232	61375233	1
GKChr10	3496313	3496314	1
GKChr10	2641940	2641941	1
GKChr10	28806110	28806111	1
GKChr10	56359908	56359909	1
GKChr10	53754379	53754380	1
GKChr10	58778207	58778208	1
GKChr10	13092973	13092974	1
GKChr10	9109124	9109125	1
GKChr10	52037955	52037956	1
GKChr10	61918587	61918588	1
GKChr10	11361427	11361428	1
GKChr10	56354410	56354411	1
GKChr10	61157472	61157473	1
GKChr10	9247128	9247129	1
GKChr10	42747265	42747266	1
GKChr10	50563346	50563347	1
GKChr10	6409504	6409505	1
GKChr10	2457875	2457876	1
GKChr10	34863657	34863658	1
GKChr10	44596343	44596344	1
GKChr10	55680325	55680326	1
GKChr10	55535163	55535164	1
GKChr10	1832524	1832525	1
GKChr10	6459083	6459084	1
GKChr10	42888132	42888133	1
GKChr10	13235337	13235338	1
GKChr10	61284519	61284520	1
GKChr10	11411246	11411247	1
GKChr10	20942727	20942728	1
GKChr10	56399851	56399852	1
GKChr10	40680830	40680831	1
GKChr10	28630557	28630558	1
GKChr10	514259	514260	1
GKChr10	59650897	59650898	1
GKChr10	10673886	10673887	1
GKChr10	47791829	47791830	1
GKChr10	59612	59613	1
GKChr10	54282150	54282151	1
GKChr10	1827923	1827924	1
GKChr10	61973355	61973356	1
GKChr10	62140659	62140660	1
GKChr10	45260216	45260217	1
GKChr10	56816840	56816841	1
GKChr10	43736253	43736254	1
GKChr10	61100579	61100580	1
GKChr10	59131052	59131053	1
GKChr10	24715400	24715401	1
GKChr10	43659430	43659431	1
GKChr10	830442	830443	1
GKChr10	12970881	12970882	1
GKChr10	61433488	61433489	1
GKChr10	41296637	41296638	1
GKChr10	58128419	58128420	1
GKChr10	46374249	46374250	1
GKChr10	58138444	58138445	1
GKChr10	60607241	60607242	1
GKChr10	220260	220261	1
GKChr10	10850990	10850991	1
GKChr10	15801937	15801938	1
GKChr10	143857	143858	1
GKChr10	59219185	59219186	1
GKChr10	61601778	61601779	1
GKChr10	23518621	23518622	1
GKChr10	54309870	54309871	1
GKChr10	975005	975006	1
GKChr10	25278500	25278501	1
GKChr10	45634624	45634625	1
GKChr10	10764465	10764466	1
GKChr10	5997575	5997576	1
GKChr10	57013543	57013544	1
GKChr10	45140792	45140793	1
GKChr10	61154797	61154798	1
GKChr10	38837601	38837602	1
GKChr10	46432579	46432580	1
GKChr10	61094215	61094216	1
GKChr10	61694253	61694254	1
GKChr10	7964612	7964613	1
GKChr10	42421833	42421834	1
GKChr10	60583268	60583269	1
GKChr10	61549611	61549612	1
GKChr10	53563364	53563365	1
GKChr10	5225455	5225456	1
GKChr10	56694427	56694428	1
GKChr10	1837704	1837705	1
GKChr10	47672132	47672133	1
GKChr10	38584177	38584178	1
GKChr10	11405503	11405504	1
GKChr10	54807049	54807050	1
GKChr10	28013811	28013812	1
GKChr09	22734017	22734018	1
GKChr09	60106538	60106539	1
GKChr09	25647454	25647455	1
GKChr09	2239298	2239299	1
GKChr09	6993534	6993535	1
GKChr09	4676140	4676141	1
GKChr09	27794755	27794756	1
GKChr09	5379246	5379247	1
GKChr09	22004013	22004014	1
GKChr09	8228501	8228502	1
GKChr09	15429255	15429256	1
GKChr09	14726655	14726656	1
GKChr09	9822435	9822436	1
GKChr09	37902275	37902276	1
GKChr09	65972338	65972339	1
GKChr09	12949402	12949403	1
GKChr09	16354154	16354155	1
GKChr09	4132128	4132129	1
GKChr09	21256278	21256279	1
GKChr09	12960329	12960330	1
GKChr09	54982561	54982562	1
GKChr09	33765033	33765034	1
GKChr09	51760372	51760373	1
GKChr09	5192671	5192672	1
GKChr09	32838699	32838700	1
GKChr09	25930302	25930303	1
GKChr09	19524258	19524259	1
GKChr09	10829371	10829372	1
GKChr09	17855217	17855218	1
GKChr09	3299576	3299577	1
GKChr09	129240	129241	1
GKChr09	70622090	70622091	1
GKChr09	2724643	2724644	1
GKChr09	12456822	12456823	1
GKChr09	19595179	19595180	1
GKChr09	1629411	1629412	1
GKChr09	17005071	17005072	1
GKChr09	17641054	17641055	1
GKChr09	117066	117067	1
GKChr09	6774492	6774493	1
GKChr09	70639441	70639442	1
GKChr09	712042	712043	1
GKChr09	18403906	18403907	1
GKChr09	67534279	67534280	1
GKChr09	9196899	9196900	1
GKChr09	19631345	19631346	1
GKChr09	49694559	49694560	1
GKChr09	2557227	2557228	1
GKChr09	5725603	5725604	1
GKChr09	65894929	65894930	1
GKChr09	66973878	66973879	1
GKChr09	6567342	6567343	1
GKChr09	4365972	4365973	1
GKChr09	6724716	6724717	1
GKChr09	20659326	20659327	1
GKChr09	28260051	28260052	1
GKChr09	27501393	27501394	1
GKChr09	9552981	9552982	1
GKChr09	14075531	14075532	1
GKChr09	10287171	10287172	1
GKChr09	19409606	19409607	1
GKChr09	57904333	57904334	1
GKChr09	12707017	12707018	1
GKChr09	1683799	1683800	1
GKChr09	23793608	23793609	1
GKChr09	5030904	5030905	1
GKChr09	17228055	17228056	1
GKChr09	3637022	3637023	1
GKChr09	15946215	15946216	1
GKChr09	9815833	9815834	1
GKChr09	32000223	32000224	1
GKChr09	2776384	2776385	1
GKChr09	15821726	15821727	1
GKChr09	69704894	69704895	1
GKChr09	16909202	16909203	1
GKChr09	6359397	6359398	1
GKChr09	8493731	8493732	1
GKChr09	13337467	13337468	1
GKChr09	1422709	1422710	1
GKChr09	45918631	45918632	1
GKChr09	4294439	4294440	1
GKChr09	37199008	37199009	1
GKChr09	6111761	6111762	1
GKChr09	32624231	32624232	1
GKChr09	21248058	21248059	1
GKChr09	16649571	16649572	1
GKChr09	19292409	19292410	1
GKChr09	34849907	34849908	1
GKChr09	12852392	12852393	1
GKChr09	52148751	52148752	1
GKChr09	8590889	8590890	1
GKChr09	9035108	9035109	1
GKChr09	4808938	4808939	1
GKChr09	35877465	35877466	1
GKChr09	31217907	31217908	1
GKChr09	17796453	17796454	1
GKChr09	32177120	32177121	1
GKChr09	12888190	12888191	1
GKChr09	46528934	46528935	1
GKChr09	21812825	21812826	1
GKChr09	22828850	22828851	1
GKChr09	32975146	32975147	1
GKChr09	25622626	25622627	1
GKChr09	18265247	18265248	1
GKChr09	10542306	10542307	1
GKChr09	6014678	6014679	1
GKChr09	12431646	12431647	1
GKChr09	21247531	21247532	1
GKChr09	23593778	23593779	1
GKChr09	10266513	10266514	1
GKChr09	9461786	9461787	1
GKChr09	70512001	70512002	1
GKChr09	534742	534743	1
GKChr09	12766494	12766495	1
GKChr09	9383265	9383266	1
GKChr09	19496295	19496296	1
GKChr09	11709574	11709575	1
GKChr09	4623363	4623364	1
GKChr09	22132596	22132597	1
GKChr09	5961337	5961338	1
GKChr09	17066996	17066997	1
GKChr09	9575961	9575962	1
GKChr09	16292195	16292196	1
GKChr09	16576215	16576216	1
GKChr09	10387913	10387914	1
GKChr09	12563814	12563815	1
GKChr09	70474764	70474765	1
GKChr09	56384888	56384889	1
GKChr09	61935673	61935674	1
GKChr09	12413598	12413599	1
GKChr09	29873686	29873687	1
GKChr09	2418235	2418236	1
GKChr09	10959663	10959664	1
GKChr09	45645431	45645432	1
GKChr09	52959767	52959768	1
GKChr09	2746732	2746733	1
GKChr09	7270440	7270441	1
GKChr09	5246423	5246424	1
GKChr09	13287048	13287049	1
GKChr09	18114974	18114975	1
GKChr09	2552761	2552762	1
GKChr09	46028381	46028382	1
GKChr09	10790628	10790629	1
GKChr09	35938780	35938781	1
GKChr09	20159454	20159455	1
GKChr09	16200750	16200751	1
GKChr09	6254749	6254750	1
GKChr09	6577058	6577059	1
GKChr09	14205052	14205053	1
GKChr09	5138993	5138994	1
GKChr09	22983597	22983598	1
GKChr09	19318429	19318430	1
GKChr09	65701598	65701599	1
GKChr09	69482033	69482034	1
GKChr09	16517297	16517298	1
GKChr09	13528629	13528630	1
GKChr09	70186071	70186072	1
GKChr09	1651049	1651050	1
GKChr09	12493136	12493137	1
GKChr09	22272193	22272194	1
GKChr09	16733477	16733478	1
GKChr09	17571667	17571668	1
GKChr09	19373117	19373118	1
GKChr09	2235170	2235171	1
GKChr09	45477525	45477526	1
GKChr09	61942075	61942076	1
GKChr09	13381815	13381816	1
GKChr09	69283081	69283082	1
GKChr09	12805514	12805515	1
GKChr09	10144302	10144303	1
GKChr09	54991931	54991932	1
GKChr09	7140016	7140017	1
GKChr09	1440215	1440216	1
GKChr09	18998932	18998933	1
GKChr09	16949158	16949159	1
GKChr09	13098722	13098723	1
GKChr09	56311614	56311615	1
GKChr09	1873161	1873162	1
GKChr09	16855789	16855790	1
GKChr09	3445285	3445286	1
GKChr09	19388658	19388659	1
GKChr09	8569627	8569628	1
GKChr09	44100940	44100941	1
GKChr09	34538065	34538066	1
GKChr09	34489947	34489948	1
GKChr09	11252423	11252424	1
GKChr09	2919761	2919762	1
GKChr09	19341034	19341035	1
GKChr09	803429	803430	1
GKChr09	7216700	7216701	1
GKChr09	66066248	66066249	1
GKChr09	26114995	26114996	1
GKChr09	943395	943396	1
GKChr09	5313431	5313432	1
GKChr09	14737102	14737103	1
GKChr09	66477943	66477944	1
GKChr09	12581203	12581204	1
GKChr09	23830571	23830572	1
GKChr09	29098194	29098195	1
GKChr09	5748074	5748075	1
GKChr09	32630405	32630406	1
GKChr09	2051781	2051782	1
GKChr09	14351258	14351259	1
GKChr09	7241379	7241380	1
GKChr09	12711591	12711592	1
GKChr09	33933649	33933650	1
GKChr09	16796204	16796205	1
GKChr09	52980172	52980173	1
GKChr09	15903027	15903028	1
GKChr09	3666553	3666554	1
GKChr09	22655683	22655684	1
GKChr09	12436364	12436365	1
GKChr09	17585380	17585381	1
GKChr09	6316773	6316774	1
GKChr09	7074406	7074407	1
GKChr09	16824709	16824710	1
GKChr09	6514785	6514786	1
GKChr09	16109621	16109622	1
GKChr09	55679557	55679558	1
GKChr09	14792208	14792209	1
GKChr09	1506955	1506956	1
GKChr09	11010622	11010623	1
GKChr09	6405458	6405459	1
GKChr09	11416512	11416513	1
GKChr09	14696602	14696603	1
GKChr09	11544972	11544973	1
GKChr09	3465758	3465759	1
GKChr09	28171790	28171791	1
GKChr09	27029058	27029059	1
GKChr09	12994912	12994913	1
GKChr09	2698604	2698605	1
GKChr09	3273890	3273891	1
GKChr09	6281797	6281798	1
GKChr09	12965869	12965870	1
GKChr09	12556576	12556577	1
GKChr09	31709479	31709480	1
GKChr09	11492524	11492525	1
GKChr09	21238563	21238564	1
GKChr09	69172730	69172731	1
GKChr09	69725506	69725507	1
GKChr09	14773822	14773823	1
GKChr09	18411098	18411099	1
GKChr09	57393508	57393509	1
GKChr09	9186635	9186636	1
GKChr09	16579960	16579961	1
GKChr09	31838325	31838326	1
GKChr09	1691731	1691732	1
GKChr09	18225535	18225536	1
GKChr09	2465137	2465138	1
GKChr09	19650188	19650189	1
GKChr09	23197386	23197387	1
GKChr09	46213293	46213294	1
GKChr09	50440015	50440016	1
GKChr09	6893378	6893379	1
GKChr09	2372039	2372040	1
GKChr09	2108214	2108215	1
GKChr09	8281324	8281325	1
GKChr04	57216893	57216894	1
GKChr04	2217211	2217212	1
GKChr04	48020752	48020753	1
GKChr04	57737085	57737086	1
GKChr04	55993598	55993599	1
GKChr04	1499514	1499515	1
GKChr04	11747398	11747399	1
GKChr04	18506046	18506047	1
GKChr04	10766881	10766882	1
GKChr04	45187635	45187636	1
GKChr04	39549558	39549559	1
GKChr04	40131976	40131977	1
GKChr04	34304465	34304466	1
GKChr04	45592879	45592880	1
GKChr04	49337906	49337907	1
GKChr04	34638366	34638367	1
GKChr04	45622215	45622216	1
GKChr04	6355323	6355324	1
GKChr04	17430181	17430182	1
GKChr04	59282431	59282432	1
GKChr04	12918141	12918142	1
GKChr04	57770634	57770635	1
GKChr04	59109210	59109211	1
GKChr04	54479620	54479621	1
GKChr04	51285306	51285307	1
GKChr04	36704096	36704097	1
GKChr04	31337499	31337500	1
GKChr04	57426290	57426291	1
GKChr04	61133365	61133366	1
GKChr04	57723542	57723543	1
GKChr04	4602694	4602695	1
GKChr04	3214020	3214021	1
GKChr04	47373414	47373415	1
GKChr04	28302153	28302154	1
GKChr04	52155244	52155245	1
GKChr04	11784302	11784303	1
GKChr04	9624349	9624350	1
GKChr04	16406551	16406552	1
GKChr04	33930180	33930181	1
GKChr04	41602812	41602813	1
GKChr04	59264696	59264697	1
GKChr04	7685240	7685241	1
GKChr04	7050629	7050630	1
GKChr04	47971334	47971335	1
GKChr04	12634497	12634498	1
GKChr04	5187989	5187990	1
GKChr04	51334444	51334445	1
GKChr04	6228678	6228679	1
GKChr04	39290059	39290060	1
GKChr04	9819449	9819450	1
GKChr04	51865253	51865254	1
GKChr04	49306512	49306513	1
GKChr04	58015565	58015566	1
GKChr04	46155244	46155245	1
GKChr04	55658083	55658084	1
GKChr04	25694637	25694638	1
GKChr04	38256338	38256339	1
GKChr04	10122332	10122333	1
GKChr04	47339408	47339409	1
GKChr04	59796302	59796303	1
GKChr04	59023475	59023476	1
GKChr04	9395231	9395232	1
GKChr04	60748047	60748048	1
GKChr04	52658129	52658130	1
GKChr04	8786637	8786638	1
GKChr04	36591786	36591787	1
GKChr04	2024516	2024517	1
GKChr04	17912138	17912139	1
GKChr04	59205589	59205590	1
GKChr04	43050714	43050715	1
GKChr04	49327846	49327847	1
GKChr04	58723208	58723209	1
GKChr04	7858036	7858037	1
GKChr04	28095090	28095091	1
GKChr04	5328540	5328541	1
GKChr04	6212106	6212107	1
GKChr04	44654749	44654750	1
GKChr04	61317640	61317641	1
GKChr04	55469126	55469127	1
GKChr04	4781340	4781341	1
GKChr04	16383092	16383093	1
GKChr04	51719028	51719029	1
GKChr04	57336130	57336131	1
GKChr04	28192320	28192321	1
GKChr04	59378362	59378363	1
GKChr04	46014615	46014616	1
GKChr04	11579630	11579631	1
GKChr04	46152342	46152343	1
GKChr04	6607561	6607562	1
GKChr04	36773119	36773120	1
GKChr04	50808174	50808175	1
GKChr04	55248717	55248718	1
GKChr04	51006774	51006775	1
GKChr04	1530885	1530886	1
GKChr04	5462024	5462025	1
GKChr04	51186465	51186466	1
GKChr04	40182851	40182852	1
GKChr04	58109238	58109239	1
GKChr04	19629563	19629564	1
GKChr04	8040434	8040435	1
GKChr04	25584479	25584480	1
GKChr04	1662080	1662081	1
GKChr04	2017329	2017330	1
GKChr04	54010039	54010040	1
GKChr04	61192880	61192881	1
GKChr04	7354351	7354352	1
GKChr04	40721230	40721231	1
GKChr04	34182995	34182996	1
GKChr04	58973495	58973496	1
GKChr04	47389458	47389459	1
GKChr04	60736563	60736564	1
GKChr04	42139426	42139427	1
GKChr04	55625637	55625638	1
GKChr04	1889505	1889506	1
GKChr04	61421697	61421698	1
GKChr04	60688140	60688141	1
GKChr04	54231907	54231908	1
GKChr04	2103053	2103054	1
GKChr04	60395896	60395897	1
GKChr04	59105607	59105608	1
GKChr04	3763450	3763451	1
GKChr04	61254320	61254321	1
GKChr04	15834834	15834835	1
GKChr04	6582935	6582936	1
GKChr04	57480165	57480166	1
GKChr04	7442523	7442524	1
GKChr04	47617598	47617599	1
GKChr04	8099970	8099971	1
GKChr04	44999953	44999954	1
GKChr04	9841728	9841729	1
GKChr04	37378315	37378316	1
GKChr04	47569219	47569220	1
GKChr04	12079744	12079745	1
GKChr04	4422572	4422573	1
GKChr04	9346334	9346335	1
GKChr04	34901715	34901716	1
GKChr04	6289680	6289681	1
GKChr04	54223486	54223487	1
GKChr04	19235840	19235841	1
GKChr04	58986880	58986881	1
GKChr04	56962980	56962981	1
GKChr04	51500689	51500690	1
GKChr04	33710591	33710592	1
GKChr04	4828606	4828607	1
GKChr04	61467376	61467377	1
GKChr04	59502989	59502990	1
GKChr04	38437948	38437949	1
GKChr04	32961384	32961385	1
GKChr04	21089351	21089352	1
GKChr04	60547358	60547359	1
GKChr04	53223405	53223406	1
GKChr04	49838029	49838030	1
GKChr04	46535312	46535313	1
GKChr04	47684555	47684556	1
GKChr04	40275509	40275510	1
GKChr04	46508599	46508600	1
GKChr04	58164809	58164810	1
GKChr04	54046927	54046928	1
GKChr04	47224122	47224123	1
GKChr04	60637232	60637233	1
GKChr04	45084795	45084796	1
GKChr07	56327509	56327510	1
GKChr07	23266237	23266238	1
GKChr07	13745008	13745009	1
GKChr07	26396201	26396202	1
GKChr07	39164075	39164076	1
GKChr07	15348759	15348760	1
GKChr07	1491456	1491457	1
GKChr07	1370089	1370090	1
GKChr07	6915361	6915362	1
GKChr07	59033599	59033600	1
GKChr07	7503125	7503126	1
GKChr07	47416452	47416453	1
GKChr07	60553899	60553900	1
GKChr07	5642672	5642673	1
GKChr07	6026939	6026940	1
GKChr07	46768168	46768169	1
GKChr07	8026691	8026692	1
GKChr07	17797149	17797150	1
GKChr07	53851406	53851407	1
GKChr07	23951663	23951664	1
GKChr07	20414588	20414589	1
GKChr07	43702705	43702706	1
GKChr07	1932127	1932128	1
GKChr07	807158	807159	1
GKChr07	25626406	25626407	1
GKChr07	59533079	59533080	1
GKChr07	60860612	60860613	1
GKChr07	6165024	6165025	1
GKChr07	846438	846439	1
GKChr07	1137104	1137105	1
GKChr07	58162738	58162739	1
GKChr07	2240599	2240600	1
GKChr07	51904377	51904378	1
GKChr07	6374681	6374682	1
GKChr07	947643	947644	1
GKChr07	3382812	3382813	1
GKChr07	16379369	16379370	1
GKChr07	40697005	40697006	1
GKChr07	5550322	5550323	1
GKChr07	784698	784699	1
GKChr07	1129336	1129337	1
GKChr07	59979567	59979568	1
GKChr07	12043699	12043700	1
GKChr07	4931983	4931984	1
GKChr07	3249562	3249563	1
GKChr07	12810348	12810349	1
GKChr07	12225338	12225339	1
GKChr07	2234252	2234253	1
GKChr07	2032886	2032887	1
GKChr07	618831	618832	1
GKChr07	12020440	12020441	1
GKChr07	15445541	15445542	1
GKChr07	55390125	55390126	1
GKChr07	33169218	33169219	1
GKChr07	12969310	12969311	1
GKChr07	7099966	7099967	1
GKChr07	3641472	3641473	1
GKChr07	5527302	5527303	1
GKChr07	57403627	57403628	1
GKChr07	12283809	12283810	1
GKChr07	58110933	58110934	1
GKChr07	9800621	9800622	1
GKChr07	18702727	18702728	1
GKChr07	16449154	16449155	1
GKChr07	57314386	57314387	1
GKChr07	31148529	31148530	1
GKChr07	27353100	27353101	1
GKChr07	1865928	1865929	1
GKChr07	6239358	6239359	1
GKChr07	21138830	21138831	1
GKChr07	12265562	12265563	1
GKChr07	49075622	49075623	1
GKChr07	51527491	51527492	1
GKChr07	4653399	4653400	1
GKChr07	56648576	56648577	1
GKChr07	4969713	4969714	1
GKChr07	4946690	4946691	1
GKChr07	27046227	27046228	1
GKChr07	25052462	25052463	1
GKChr07	5008882	5008883	1
GKChr07	60772926	60772927	1
GKChr07	6821900	6821901	1
GKChr07	23398285	23398286	1
GKChr07	5652339	5652340	1
GKChr07	18410475	18410476	1
GKChr07	26789901	26789902	1
GKChr07	1230518	1230519	1
GKChr07	19011775	19011776	1
GKChr07	2591927	2591928	1
GKChr07	21543245	21543246	1
GKChr07	32488805	32488806	1
GKChr07	40130518	40130519	1
GKChr07	57278883	57278884	1
GKChr07	9487323	9487324	1
GKChr07	10220893	10220894	1
GKChr07	10706173	10706174	1
GKChr07	14035601	14035602	1
GKChr07	24974342	24974343	1
GKChr07	13030456	13030457	1
GKChr07	467927	467928	1
GKChr07	19409461	19409462	1
GKChr07	2525368	2525369	1
GKChr07	2186918	2186919	1
GKChr07	4312514	4312515	1
GKChr07	5354835	5354836	1
GKChr07	53695760	53695761	1
GKChr07	796045	796046	1
GKChr07	7267319	7267320	1
GKChr07	3230720	3230721	1
GKChr07	2253120	2253121	1
GKChr07	50083064	50083065	1
GKChr07	51032522	51032523	1
GKChr07	48297892	48297893	1
GKChr07	12417161	12417162	1
GKChr07	14045026	14045027	1
GKChr07	5509943	5509944	1
GKChr07	10866348	10866349	1
GKChr07	5081348	5081349	1
GKChr07	21644487	21644488	1
GKChr07	1433631	1433632	1
GKChr07	47573056	47573057	1
GKChr07	9742700	9742701	1
GKChr07	40926520	40926521	1
GKChr07	1314707	1314708	1
GKChr07	45865442	45865443	1
GKChr07	1970737	1970738	1
GKChr07	52281569	52281570	1
GKChr07	27135330	27135331	1
GKChr07	4945348	4945349	1
GKChr07	51198564	51198565	1
GKChr07	4009553	4009554	1
GKChr07	8298996	8298997	1
GKChr07	331305	331306	1
GKChr07	11338072	11338073	1
GKChr07	4745171	4745172	1
GKChr07	1224977	1224978	1
GKChr07	2238036	2238037	1
GKChr07	25050085	25050086	1
GKChr07	25222647	25222648	1
GKChr07	9198912	9198913	1
GKChr07	60486043	60486044	1
GKChr07	18069034	18069035	1
GKChr07	53292105	53292106	1
GKChr07	48775437	48775438	1
GKChr07	14529593	14529594	1
GKChr07	2491826	2491827	1
GKChr07	40161355	40161356	1
GKChr07	4912164	4912165	1
GKChr07	27236267	27236268	1
GKChr07	1812717	1812718	1
GKChr07	21618471	21618472	1
GKChr07	1640433	1640434	1
GKChr07	52849512	52849513	1
GKChr07	57419363	57419364	1
GKChr07	42452644	42452645	1
GKChr07	4781097	4781098	1
GKChr07	6688093	6688094	1
GKChr07	2364128	2364129	1
GKChr07	6168837	6168838	1
GKChr07	2432046	2432047	1
GKChr07	10814999	10815000	1
GKChr07	729654	729655	1
GKChr07	3214573	3214574	1
GKChr07	17015649	17015650	1
GKChr07	9740073	9740074	1
GKChr07	53176637	53176638	1
GKChr07	6171875	6171876	1
GKChr07	2480098	2480099	1
GKChr07	7035499	7035500	1
GKChr07	4595875	4595876	1
GKChr07	60009278	60009279	1
GKChr07	49637951	49637952	1
GKChr07	19387611	19387612	1
GKChr07	6578377	6578378	1
GKChr07	32093875	32093876	1
GKChr07	10072336	10072337	1
GKChr07	2883607	2883608	1
GKChr07	59777384	59777385	1
GKChr07	3210481	3210482	1
GKChr07	60339920	60339921	1
GKChr07	631291	631292	1
GKChr07	8453351	8453352	1
GKChr07	3627673	3627674	1
GKChr07	60672471	60672472	1
GKChr07	26672270	26672271	1
GKChr07	6552093	6552094	1
GKChr07	27332173	27332174	1
GKChr07	31347111	31347112	1
GKChr07	6339283	6339284	1
GKChr07	44797207	44797208	1
GKChr07	48012497	48012498	1
GKChr07	50652776	50652777	1
GKChr07	57434321	57434322	1
GKChr07	52137390	52137391	1
GKChr07	52843051	52843052	1
GKChr07	26859255	26859256	1
GKChr07	5190766	5190767	1
GKChr07	50406559	50406560	1
GKChr07	10352293	10352294	1
GKChr07	4727056	4727057	1
GKChr07	33615210	33615211	1
GKChr07	22574298	22574299	1
GKChr07	44808627	44808628	1
GKChr07	12122467	12122468	1
GKChr07	1844337	1844338	1
GKChr07	8038034	8038035	1
GKChr07	1372034	1372035	1
GKChr07	38852030	38852031	1
GKChr07	3920681	3920682	1
GKChr07	47098614	47098615	1
GKChr07	5350558	5350559	1
GKChr07	28706990	28706991	1
GKChr07	3019242	3019243	1
GKChr07	11600616	11600617	1
GKChr07	47537748	47537749	1
GKChr07	32148249	32148250	1
GKChr07	22381642	22381643	1
GKChr07	10041239	10041240	1
GKChr07	3593139	3593140	1
GKChr07	29354853	29354854	1
GKChr07	14077086	14077087	1
GKChr07	13643444	13643445	1
GKChr07	11183734	11183735	1
GKChr07	19210810	19210811	1
GKChr07	18419407	18419408	1
GKChr07	16173812	16173813	1
GKChr07	44637288	44637289	1
GKChr07	2380088	2380089	1
GKChr07	1934574	1934575	1
GKChr07	3565519	3565520	1
GKChr07	3643725	3643726	1
GKChr07	40909789	40909790	1
GKChr07	51872916	51872917	1
GKChr07	2239508	2239509	1
GKChr07	3157572	3157573	1
GKChr07	24850128	24850129	1
GKChr07	20646901	20646902	1
GKChr07	59964389	59964390	1
GKChr07	4527841	4527842	1
GKChr07	12641283	12641284	1
GKChr07	47218804	47218805	1
GKChr13	54733238	54733239	1
GKChr13	32004877	32004878	1
GKChr13	52061333	52061334	1
GKChr13	54403670	54403671	1
GKChr13	1705839	1705840	1
GKChr13	48863247	48863248	1
GKChr13	44406034	44406035	1
GKChr13	39362089	39362090	1
GKChr13	5064384	5064385	1
GKChr13	20655554	20655555	1
GKChr13	10886968	10886969	1
GKChr13	17505956	17505957	1
GKChr13	12715473	12715474	1
GKChr13	1048662	1048663	1
GKChr13	54165591	54165592	1
GKChr13	15547134	15547135	1
GKChr13	46321931	46321932	1
GKChr13	50775092	50775093	1
GKChr13	50965135	50965136	1
GKChr13	34352618	34352619	1
GKChr13	40068423	40068424	1
GKChr13	5462277	5462278	1
GKChr13	1519253	1519254	1
GKChr13	16368679	16368680	1
GKChr13	51553042	51553043	1
GKChr13	43497072	43497073	1
GKChr13	22028867	22028868	1
GKChr13	56374516	56374517	1
GKChr13	41833309	41833310	1
GKChr13	17057328	17057329	1
GKChr13	55588601	55588602	1
GKChr13	54342479	54342480	1
GKChr13	55938826	55938827	1
GKChr13	32938679	32938680	1
GKChr13	7338304	7338305	1
GKChr13	49349901	49349902	1
GKChr13	17833637	17833638	1
GKChr13	909640	909641	1
GKChr13	1695758	1695759	1
GKChr13	57021535	57021536	1
GKChr13	35035920	35035921	1
GKChr13	2725916	2725917	1
GKChr13	2695754	2695755	1
GKChr13	16794234	16794235	1
GKChr13	32645039	32645040	1
GKChr13	48928434	48928435	1
GKChr13	4535237	4535238	1
GKChr13	14968440	14968441	1
GKChr13	54726204	54726205	1
GKChr13	2747890	2747891	1
GKChr13	5021240	5021241	1
GKChr13	45242204	45242205	1
GKChr13	48839893	48839894	1
GKChr13	29023154	29023155	1
GKChr13	9010677	9010678	1
GKChr13	1748030	1748031	1
GKChr13	40918738	40918739	1
GKChr13	12839696	12839697	1
GKChr13	7133121	7133122	1
GKChr13	49774617	49774618	1
GKChr13	56817160	56817161	1
GKChr13	2821468	2821469	1
GKChr13	15648479	15648480	1
GKChr13	6916970	6916971	1
GKChr13	24150957	24150958	1
GKChr13	47201940	47201941	1
GKChr13	49377526	49377527	1
GKChr13	4879209	4879210	1
GKChr13	13872542	13872543	1
GKChr13	1097008	1097009	1
GKChr13	297063	297064	1
GKChr13	37623377	37623378	1
GKChr13	52442010	52442011	1
GKChr13	45309212	45309213	1
GKChr13	1532331	1532332	1
GKChr13	23725406	23725407	1
GKChr13	3785392	3785393	1
GKChr13	46004410	46004411	1
GKChr13	56163612	56163613	1
GKChr13	36701321	36701322	1
GKChr13	24350889	24350890	1
GKChr13	11347787	11347788	1
GKChr13	54910675	54910676	1
GKChr13	34667806	34667807	1
GKChr13	57050165	57050166	1
GKChr13	13826792	13826793	1
GKChr13	13624583	13624584	1
GKChr13	54330310	54330311	1
GKChr13	34083592	34083593	1
GKChr13	31062364	31062365	1
GKChr13	54819660	54819661	1
GKChr13	6609258	6609259	1
GKChr13	27786563	27786564	1
GKChr13	8028091	8028092	1
GKChr13	55236173	55236174	1
GKChr13	53569149	53569150	1
GKChr13	34171724	34171725	1
GKChr13	56743520	56743521	1
GKChr13	56184993	56184994	1
GKChr13	37519856	37519857	1
GKChr13	1779792	1779793	1
GKChr13	54618425	54618426	1
GKChr13	49548915	49548916	1
GKChr13	56545055	56545056	1
GKChr13	28992467	28992468	1
GKChr13	9025672	9025673	1
GKChr13	3178135	3178136	1
GKChr13	35092289	35092290	1
GKChr13	5465607	5465608	1
GKChr13	2942240	2942241	1
GKChr13	58038497	58038498	1
GKChr13	1166453	1166454	1
GKChr13	1047960	1047961	1
GKChr13	5420075	5420076	1
GKChr13	52068652	52068653	1
GKChr13	19497939	19497940	1
GKChr13	12066946	12066947	1
GKChr13	15360044	15360045	1
GKChr13	12665903	12665904	1
GKChr13	56475037	56475038	1
GKChr13	41780602	41780603	1
GKChr13	36620068	36620069	1
GKChr13	3945634	3945635	1
GKChr13	29196844	29196845	1
GKChr13	3770485	3770486	1
GKChr13	41699731	41699732	1
GKChr13	57293862	57293863	1
GKChr13	51985104	51985105	1
GKChr13	53610854	53610855	1
GKChr13	34464384	34464385	1
GKChr13	17916398	17916399	1
GKChr13	46658304	46658305	1
GKChr13	58117294	58117295	1
GKChr13	1100478	1100479	1
GKChr13	18705711	18705712	1
GKChr13	54761658	54761659	1
GKChr13	2390830	2390831	1
GKChr13	57677653	57677654	1
GKChr13	54114965	54114966	1
GKChr13	20945316	20945317	1
GKChr13	29733279	29733280	1
GKChr13	16462276	16462277	1
GKChr13	48328993	48328994	1
GKChr13	14999192	14999193	1
GKChr13	46611297	46611298	1
GKChr13	54295645	54295646	1
GKChr13	20677032	20677033	1
GKChr13	58181673	58181674	1
GKChr13	54792162	54792163	1
GKChr13	16263948	16263949	1
GKChr13	4289603	4289604	1
GKChr13	53945434	53945435	1
GKChr13	22968508	22968509	1
GKChr13	51946055	51946056	1
GKChr13	2268050	2268051	1
GKChr13	29097149	29097150	1
GKChr13	9004190	9004191	1
GKChr13	1096181	1096182	1
GKChr13	57013235	57013236	1
GKChr13	41671710	41671711	1
GKChr02	57966442	57966443	1
GKChr02	20397017	20397018	1
GKChr02	21865975	21865976	1
GKChr02	3085748	3085749	1
GKChr02	34061764	34061765	1
GKChr02	16367041	16367042	1
GKChr02	42955765	42955766	1
GKChr02	24100294	24100295	1
GKChr02	58000002	58000003	1
GKChr02	9822565	9822566	1
GKChr02	60734923	60734924	1
GKChr02	9222314	9222315	1
GKChr02	17459043	17459044	1
GKChr02	45519381	45519382	1
GKChr02	60454082	60454083	1
GKChr02	22507417	22507418	1
GKChr02	56359170	56359171	1
GKChr02	51772476	51772477	1
GKChr02	55501209	55501210	1
GKChr02	2437482	2437483	1
GKChr02	62443003	62443004	1
GKChr02	56433131	56433132	1
GKChr02	36046281	36046282	1
GKChr02	43361024	43361025	1
GKChr02	16149378	16149379	1
GKChr02	3682883	3682884	1
GKChr02	41492352	41492353	1
GKChr02	1400552	1400553	1
GKChr02	15707953	15707954	1
GKChr02	7205448	7205449	1
GKChr02	55783182	55783183	1
GKChr02	10617231	10617232	1
GKChr02	60341180	60341181	1
GKChr02	20805847	20805848	1
GKChr02	10939545	10939546	1
GKChr02	6065395	6065396	1
GKChr02	26666827	26666828	1
GKChr02	16033713	16033714	1
GKChr02	8048443	8048444	1
GKChr02	61420659	61420660	1
GKChr02	7797564	7797565	1
GKChr02	1223764	1223765	1
GKChr02	20815217	20815218	1
GKChr02	55452301	55452302	1
GKChr02	525300	525301	1
GKChr02	2465519	2465520	1
GKChr02	20812594	20812595	1
GKChr02	1794972	1794973	1
GKChr02	61535262	61535263	1
GKChr02	58744793	58744794	1
GKChr02	10290573	10290574	1
GKChr02	11615840	11615841	1
GKChr02	595337	595338	1
GKChr02	21228994	21228995	1
GKChr02	24026955	24026956	1
GKChr02	7420661	7420662	1
GKChr02	62635405	62635406	1
GKChr02	60679930	60679931	1
GKChr02	1336220	1336221	1
GKChr02	60360982	60360983	1
GKChr02	57539557	57539558	1
GKChr02	55422159	55422160	1
GKChr02	606110	606111	1
GKChr02	16757382	16757383	1
GKChr02	51822513	51822514	1
GKChr02	8081178	8081179	1
GKChr02	1015829	1015830	1
GKChr02	50672191	50672192	1
GKChr02	51218854	51218855	1
GKChr02	13123199	13123200	1
GKChr02	11089598	11089599	1
GKChr02	59628428	59628429	1
GKChr02	17721533	17721534	1
GKChr02	15017008	15017009	1
GKChr02	52457969	52457970	1
GKChr02	49573946	49573947	1
GKChr02	58848339	58848340	1
GKChr02	55245929	55245930	1
GKChr02	11601086	11601087	1
GKChr02	15202400	15202401	1
GKChr02	44894990	44894991	1
GKChr02	9266082	9266083	1
GKChr02	1109777	1109778	1
GKChr02	797367	797368	1
GKChr02	60733891	60733892	1
GKChr02	15193950	15193951	1
GKChr02	50724442	50724443	1
GKChr02	58252022	58252023	1
GKChr02	12243373	12243374	1
GKChr02	54082748	54082749	1
GKChr02	59014701	59014702	1
GKChr02	1201541	1201542	1
GKChr02	60225671	60225672	1
GKChr02	7435908	7435909	1
GKChr02	25161007	25161008	1
GKChr02	49502052	49502053	1
GKChr02	3022100	3022101	1
GKChr02	53796173	53796174	1
GKChr02	12163130	12163131	1
GKChr02	17282506	17282507	1
GKChr02	2087986	2087987	1
GKChr02	20304657	20304658	1
GKChr02	43589580	43589581	1
GKChr02	8811060	8811061	1
GKChr02	20194086	20194087	1
GKChr02	10295775	10295776	1
GKChr02	3844865	3844866	1
GKChr02	60598122	60598123	1
GKChr02	61618576	61618577	1
GKChr02	8337187	8337188	1
GKChr02	58642901	58642902	1
GKChr02	57822337	57822338	1
GKChr02	60558558	60558559	1
GKChr02	1213103	1213104	1
GKChr02	43781025	43781026	1
GKChr02	44234725	44234726	1
GKChr02	14471182	14471183	1
GKChr02	50984885	50984886	1
GKChr02	3771145	3771146	1
GKChr02	18812726	18812727	1
GKChr02	51826721	51826722	1
GKChr02	59527011	59527012	1
GKChr02	13497345	13497346	1
GKChr02	42939035	42939036	1
GKChr02	55655045	55655046	1
GKChr02	47374188	47374189	1
GKChr02	7873749	7873750	1
GKChr02	25676306	25676307	1
GKChr02	10237548	10237549	1
GKChr02	14004507	14004508	1
GKChr02	48232210	48232211	1
GKChr02	6514047	6514048	1
GKChr02	9199192	9199193	1
GKChr02	7731841	7731842	1
GKChr02	60385524	60385525	1
GKChr02	368780	368781	1
GKChr02	12756219	12756220	1
GKChr02	33631873	33631874	1
GKChr02	8063789	8063790	1
GKChr02	20974018	20974019	1
GKChr02	10812840	10812841	1
GKChr02	876527	876528	1
GKChr02	56289450	56289451	1
GKChr02	60057828	60057829	1
GKChr02	56206499	56206500	1
GKChr02	46375952	46375953	1
GKChr02	56388952	56388953	1
GKChr02	20725710	20725711	1
GKChr02	7766222	7766223	1
GKChr02	57953894	57953895	1
GKChr02	11955037	11955038	1
GKChr02	60351165	60351166	1
GKChr02	11811637	11811638	1
GKChr02	56007525	56007526	1
GKChr02	60123683	60123684	1
GKChr02	12658653	12658654	1
GKChr02	21299038	21299039	1
GKChr02	554720	554721	1
GKChr02	58568597	58568598	1
GKChr02	59392772	59392773	1
GKChr02	1085988	1085989	1
GKChr02	12850460	12850461	1
GKChr02	1176464	1176465	1
GKChr02	56033547	56033548	1
GKChr02	11289576	11289577	1
GKChr02	48161882	48161883	1
GKChr02	1437592	1437593	1
GKChr03	41422487	41422488	1
GKChr03	39490608	39490609	1
GKChr03	6089993	6089994	1
GKChr03	6789046	6789047	1
GKChr03	34355080	34355081	1
GKChr03	3858259	3858260	1
GKChr03	400897	400898	1
GKChr03	45341645	45341646	1
GKChr03	966211	966212	1
GKChr03	99003	99004	1
GKChr03	532703	532704	1
GKChr03	2950145	2950146	1
GKChr03	45327903	45327904	1
GKChr03	45225640	45225641	1
GKChr03	43815308	43815309	1
GKChr03	38011339	38011340	1
GKChr03	39364657	39364658	1
GKChr03	41781000	41781001	1
GKChr03	6299033	6299034	1
GKChr03	8857594	8857595	1
GKChr03	12693557	12693558	1
GKChr03	42936521	42936522	1
GKChr03	3003097	3003098	1
GKChr03	39331474	39331475	1
GKChr03	43627080	43627081	1
GKChr03	43199814	43199815	1
GKChr03	41426019	41426020	1
GKChr03	2552164	2552165	1
GKChr03	44008160	44008161	1
GKChr03	42318154	42318155	1
GKChr03	45273308	45273309	1
GKChr03	2524744	2524745	1
GKChr03	8411015	8411016	1
GKChr03	3171254	3171255	1
GKChr03	241043	241044	1
GKChr03	44760782	44760783	1
GKChr03	20809417	20809418	1
GKChr03	44278395	44278396	1
GKChr03	916967	916968	1
GKChr03	2374284	2374285	1
GKChr03	35379477	35379478	1
GKChr03	1287796	1287797	1
GKChr03	3185140	3185141	1
GKChr03	27669504	27669505	1
GKChr03	41550418	41550419	1
GKChr03	41884638	41884639	1
GKChr03	2398948	2398949	1
GKChr03	32957666	32957667	1
GKChr03	4812167	4812168	1
GKChr03	6273541	6273542	1
GKChr03	18066624	18066625	1
GKChr03	21690772	21690773	1
GKChr03	38699512	38699513	1
GKChr03	35861174	35861175	1
GKChr03	38841001	38841002	1
GKChr03	35103559	35103560	1
GKChr03	8859197	8859198	1
GKChr03	6518702	6518703	1
GKChr03	44216734	44216735	1
GKChr03	44011614	44011615	1
GKChr03	39643005	39643006	1
GKChr03	38416358	38416359	1
GKChr03	6036737	6036738	1
GKChr03	42740666	42740667	1
GKChr03	38973756	38973757	1
GKChr03	45516267	45516268	1
GKChr03	4025462	4025463	1
GKChr03	36458954	36458955	1
GKChr03	21134478	21134479	1
GKChr03	1767174	1767175	1
GKChr03	817228	817229	1
GKChr03	44700620	44700621	1
GKChr03	36541579	36541580	1
GKChr03	33427220	33427221	1
GKChr03	33060667	33060668	1
GKChr03	45659193	45659194	1
GKChr03	1745252	1745253	1
GKChr03	470675	470676	1
GKChr03	27297764	27297765	1
GKChr03	41652500	41652501	1
GKChr03	1214831	1214832	1
GKChr03	45046949	45046950	1
GKChr03	10775259	10775260	1
GKChr03	37860853	37860854	1
GKChr03	43182415	43182416	1
GKChr03	4128112	4128113	1
GKChr03	595710	595711	1
GKChr03	1218538	1218539	1
GKChr03	21162632	21162633	1
GKChr03	34923990	34923991	1
GKChr03	1527908	1527909	1
GKChr03	11553706	11553707	1
GKChr03	43166485	43166486	1
GKChr03	1167440	1167441	1
GKChr03	1142615	1142616	1
GKChr03	20081536	20081537	1
GKChr03	9296159	9296160	1
GKChr03	19067975	19067976	1
GKChr03	45362229	45362230	1
GKChr03	8319149	8319150	1
GKChr03	10049523	10049524	1
GKChr03	1250387	1250388	1
GKChr03	43716674	43716675	1
GKChr03	1484151	1484152	1
GKChr03	33118248	33118249	1
GKChr03	43154333	43154334	1
GKChr03	42049993	42049994	1
GKChr03	6255541	6255542	1
GKChr03	12018294	12018295	1
GKChr03	38662672	38662673	1
GKChr03	120826	120827	1
GKChr03	3922072	3922073	1
GKChr03	44782687	44782688	1
GKChr03	420211	420212	1
GKChr03	1100984	1100985	1
GKChr03	36736976	36736977	1
GKChr03	1761300	1761301	1
GKChr03	7005049	7005050	1
GKChr03	38103610	38103611	1
GKChr03	6208116	6208117	1
GKChr03	16506881	16506882	1
GKChr03	45513898	45513899	1
GKChr03	10433544	10433545	1
GKChr03	27113737	27113738	1
GKChr03	34789178	34789179	1
GKChr03	2241047	2241048	1
GKChr03	10000207	10000208	1
GKChr03	38403351	38403352	1
GKChr03	37755933	37755934	1
GKChr03	1568103	1568104	1
GKChr05	40198994	40198995	1
GKChr05	61760892	61760893	1
GKChr05	59686673	59686674	1
GKChr05	43366087	43366088	1
GKChr05	54690130	54690131	1
GKChr05	47434030	47434031	1
GKChr05	11198420	11198421	1
GKChr05	23276055	23276056	1
GKChr05	60061315	60061316	1
GKChr05	3683778	3683779	1
GKChr05	35897816	35897817	1
GKChr05	62316675	62316676	1
GKChr05	4743721	4743722	1
GKChr05	60542534	60542535	1
GKChr05	4921814	4921815	1
GKChr05	42833516	42833517	1
GKChr05	14468672	14468673	1
GKChr05	62624573	62624574	1
GKChr05	57941477	57941478	1
GKChr05	60866029	60866030	1
GKChr05	59315619	59315620	1
GKChr05	33255065	33255066	1
GKChr05	46111905	46111906	1
GKChr05	42261230	42261231	1
GKChr05	6569520	6569521	1
GKChr05	9857434	9857435	1
GKChr05	62880874	62880875	1
GKChr05	20061885	20061886	1
GKChr05	60258496	60258497	1
GKChr05	62599279	62599280	1
GKChr05	34681741	34681742	1
GKChr05	23449609	23449610	1
GKChr05	53500255	53500256	1
GKChr05	59903982	59903983	1
GKChr05	46390350	46390351	1
GKChr05	46687482	46687483	1
GKChr05	61181693	61181694	1
GKChr05	5576602	5576603	1
GKChr05	61478921	61478922	1
GKChr05	57234306	57234307	1
GKChr05	63928701	63928702	1
GKChr05	63540090	63540091	1
GKChr05	58480751	58480752	1
GKChr05	19531731	19531732	1
GKChr05	18837575	18837576	1
GKChr05	7695908	7695909	1
GKChr05	56185285	56185286	1
GKChr05	60239117	60239118	1
GKChr05	58782048	58782049	1
GKChr05	59200787	59200788	1
GKChr05	20050377	20050378	1
GKChr05	42245104	42245105	1
GKChr05	49218720	49218721	1
GKChr05	58359453	58359454	1
GKChr05	61970239	61970240	1
GKChr05	53050767	53050768	1
GKChr05	38957156	38957157	1
GKChr05	63076620	63076621	1
GKChr05	59776389	59776390	1
GKChr05	32232011	32232012	1
GKChr05	61550696	61550697	1
GKChr05	57393976	57393977	1
GKChr05	62738551	62738552	1
GKChr05	38359413	38359414	1
GKChr05	6152277	6152278	1
GKChr05	9818158	9818159	1
GKChr05	29458993	29458994	1
GKChr05	42297808	42297809	1
GKChr05	53502888	53502889	1
GKChr05	63584361	63584362	1
GKChr05	63351049	63351050	1
GKChr05	20790080	20790081	1
GKChr05	47124196	47124197	1
GKChr05	1345615	1345616	1
GKChr05	55838133	55838134	1
GKChr05	40824144	40824145	1
GKChr05	58987031	58987032	1
GKChr05	20151620	20151621	1
GKChr05	20083360	20083361	1
GKChr05	55478888	55478889	1
GKChr05	63983564	63983565	1
GKChr05	9463839	9463840	1
GKChr05	10448507	10448508	1
GKChr05	1835660	1835661	1
GKChr05	47332318	47332319	1
GKChr05	5327923	5327924	1
GKChr05	63479156	63479157	1
GKChr05	60638019	60638020	1
GKChr05	63920654	63920655	1
GKChr05	57947988	57947989	1
GKChr05	59542580	59542581	1
GKChr05	32636613	32636614	1
GKChr05	64051704	64051705	1
GKChr05	63736035	63736036	1
GKChr05	61611084	61611085	1
GKChr05	39060718	39060719	1
GKChr05	59291017	59291018	1
GKChr05	18146116	18146117	1
GKChr05	24635373	24635374	1
GKChr05	54688740	54688741	1
GKChr05	35858197	35858198	1
GKChr05	52165624	52165625	1
GKChr05	60013234	60013235	1
GKChr05	61741645	61741646	1
GKChr05	63411248	63411249	1
GKChr05	63094226	63094227	1
GKChr05	9631692	9631693	1
GKChr05	50604586	50604587	1
GKChr05	27975816	27975817	1
GKChr05	56128760	56128761	1
GKChr05	62171478	62171479	1
GKChr05	5030734	5030735	1
GKChr05	45714789	45714790	1
GKChr05	61826781	61826782	1
GKChr05	27579250	27579251	1
GKChr05	40804095	40804096	1
GKChr05	4715399	4715400	1
GKChr05	35801418	35801419	1
GKChr05	58847408	58847409	1
GKChr05	4748871	4748872	1
GKChr05	52617713	52617714	1
GKChr05	60606936	60606937	1
GKChr05	3408149	3408150	1
GKChr05	61761909	61761910	1
GKChr05	61484806	61484807	1
GKChr05	61883497	61883498	1
GKChr05	34426781	34426782	1
GKChr05	39010021	39010022	1
GKChr05	54740215	54740216	1
GKChr05	32935763	32935764	1
GKChr05	61914098	61914099	1
GKChr05	1700998	1700999	1
GKChr05	57550632	57550633	1
GKChr05	28744509	28744510	1
GKChr11	48969887	48969888	1
GKChr11	48234347	48234348	1
GKChr11	30378806	30378807	1
GKChr11	59807847	59807848	1
GKChr11	23634686	23634687	1
GKChr11	53449020	53449021	1
GKChr11	47083177	47083178	1
GKChr11	50099344	50099345	1
GKChr11	2721370	2721371	1
GKChr11	4744382	4744383	1
GKChr11	59881339	59881340	1
GKChr11	20118295	20118296	1
GKChr11	6091437	6091438	1
GKChr11	32956537	32956538	1
GKChr11	2219449	2219450	1
GKChr11	44303148	44303149	1
GKChr11	4476593	4476594	1
GKChr11	62162094	62162095	1
GKChr11	54349229	54349230	1
GKChr11	2858337	2858338	1
GKChr11	5604056	5604057	1
GKChr11	35591827	35591828	1
GKChr11	42903379	42903380	1
GKChr11	5368246	5368247	1
GKChr11	62312777	62312778	1
GKChr11	55803017	55803018	1
GKChr11	1422720	1422721	1
GKChr11	55515767	55515768	1
GKChr11	21613086	21613087	1
GKChr11	19167210	19167211	1
GKChr11	2949281	2949282	1
GKChr11	45358528	45358529	1
GKChr11	38799827	38799828	1
GKChr11	61165682	61165683	1
GKChr11	4437109	4437110	1
GKChr11	5455134	5455135	1
GKChr11	52342409	52342410	1
GKChr11	62569241	62569242	1
GKChr11	43678167	43678168	1
GKChr11	58162012	58162013	1
GKChr11	49636144	49636145	1
GKChr11	2292441	2292442	1
GKChr11	53981224	53981225	1
GKChr11	2988134	2988135	1
GKChr11	9802627	9802628	1
GKChr11	3793887	3793888	1
GKChr11	39077857	39077858	1
GKChr11	49830998	49830999	1
GKChr11	48497400	48497401	1
GKChr11	35261321	35261322	1
GKChr11	45532458	45532459	1
GKChr11	2284132	2284133	1
GKChr11	20173325	20173326	1
GKChr11	30074274	30074275	1
GKChr11	42782444	42782445	1
GKChr11	55356074	55356075	1
GKChr11	35272384	35272385	1
GKChr11	50861357	50861358	1
GKChr11	4142828	4142829	1
GKChr11	2715789	2715790	1
GKChr11	59978411	59978412	1
GKChr11	32101014	32101015	1
GKChr11	2744515	2744516	1
GKChr11	16844175	16844176	1
GKChr11	2018440	2018441	1
GKChr11	50322306	50322307	1
GKChr11	21627394	21627395	1
GKChr11	19038598	19038599	1
GKChr11	57464277	57464278	1
GKChr11	50677427	50677428	1
GKChr11	2005575	2005576	1
GKChr11	49631004	49631005	1
GKChr11	23690202	23690203	1
GKChr11	7667383	7667384	1
GKChr11	4399827	4399828	1
GKChr11	38703308	38703309	1
GKChr11	1890670	1890671	1
GKChr11	5974969	5974970	1
GKChr11	59971836	59971837	1
GKChr11	2182701	2182702	1
GKChr11	5106819	5106820	1
GKChr11	6970271	6970272	1
GKChr11	3947932	3947933	1
GKChr11	57203063	57203064	1
GKChr11	3523287	3523288	1
GKChr11	5150947	5150948	1
GKChr11	61455706	61455707	1
GKChr11	14908412	14908413	1
GKChr11	56594870	56594871	1
GKChr11	8289451	8289452	1
GKChr11	38563382	38563383	1
GKChr11	50476402	50476403	1
GKChr11	21177034	21177035	1
GKChr11	51429551	51429552	1
GKChr11	1375774	1375775	1
GKChr11	57131821	57131822	1
GKChr11	53768229	53768230	1
GKChr11	41826658	41826659	1
GKChr11	46234237	46234238	1
GKChr11	42140383	42140384	1
GKChr11	2126503	2126504	1
GKChr11	44425951	44425952	1
GKChr11	60624676	60624677	1
GKChr11	7882880	7882881	1
GKChr11	425590	425591	1
GKChr11	1656587	1656588	1
GKChr11	1564996	1564997	1
GKChr11	2907066	2907067	1
GKChr11	50995699	50995700	1
GKChr11	4236369	4236370	1
GKChr11	43851521	43851522	1
GKChr11	14836480	14836481	1
GKChr11	1487098	1487099	1
GKChr11	193298	193299	1
GKChr11	2425783	2425784	1
GKChr11	45253217	45253218	1
GKChr11	57122537	57122538	1
GKChr11	5569806	5569807	1
GKChr11	55132469	55132470	1
GKChr11	42398112	42398113	1
GKChr11	42463659	42463660	1
GKChr11	49009545	49009546	1
GKChr11	2719876	2719877	1
GKChr11	51553455	51553456	1
GKChr11	49767185	49767186	1
GKChr11	2991873	2991874	1
GKChr11	57548143	57548144	1
GKChr11	44883756	44883757	1
GKChr11	42223492	42223493	1
GKChr11	55525129	55525130	1
GKChr11	2199976	2199977	1
GKChr11	58626485	58626486	1
GKChr11	62323350	62323351	1
GKChr11	51614478	51614479	1
GKChr11	13628584	13628585	1
GKChr11	51541203	51541204	1
GKChr11	2856372	2856373	1
GKChr11	2937653	2937654	1
GKChr11	7707216	7707217	1
GKChr11	1378463	1378464	1
GKChr11	126133	126134	1
GKChr11	32688820	32688821	1
GKChr11	9286670	9286671	1
GKChr11	2307836	2307837	1
GKChr11	58173440	58173441	1
GKChr11	3592282	3592283	1
GKChr11	61688564	61688565	1
GKChr11	41657915	41657916	1
GKChr11	62262503	62262504	1
GKChr11	30745115	30745116	1
GKChr11	10351559	10351560	1
GKChr08	47359977	47359978	1
GKChr08	36670037	36670038	1
GKChr08	12576516	12576517	1
GKChr08	42482902	42482903	1
GKChr08	5942908	5942909	1
GKChr08	11148105	11148106	1
GKChr08	47142566	47142567	1
GKChr08	47966273	47966274	1
GKChr08	17456943	17456944	1
GKChr08	11712714	11712715	1
GKChr08	56340375	56340376	1
GKChr08	33197764	33197765	1
GKChr08	2820432	2820433	1
GKChr08	50373553	50373554	1
GKChr08	48003000	48003001	1
GKChr08	45832715	45832716	1
GKChr08	55032791	55032792	1
GKChr08	55327197	55327198	1
GKChr08	36717076	36717077	1
GKChr08	55665258	55665259	1
GKChr08	48884081	48884082	1
GKChr08	18150235	18150236	1
GKChr08	49310784	49310785	1
GKChr08	51819668	51819669	1
GKChr08	33993751	33993752	1
GKChr08	1648719	1648720	1
GKChr08	48253520	48253521	1
GKChr08	41579368	41579369	1
GKChr08	33918888	33918889	1
GKChr08	3320168	3320169	1
GKChr08	2912574	2912575	1
GKChr08	50065530	50065531	1
GKChr08	50193247	50193248	1
GKChr08	10537055	10537056	1
GKChr08	41984143	41984144	1
GKChr08	45085929	45085930	1
GKChr08	48090006	48090007	1
GKChr08	34245909	34245910	1
GKChr08	48478837	48478838	1
GKChr08	54855711	54855712	1
GKChr08	35546365	35546366	1
GKChr08	38681683	38681684	1
GKChr08	43672623	43672624	1
GKChr08	54700836	54700837	1
GKChr08	40857348	40857349	1
GKChr08	52526433	52526434	1
GKChr08	43861389	43861390	1
GKChr08	7066492	7066493	1
GKChr08	1135854	1135855	1
GKChr08	40152536	40152537	1
GKChr08	36818532	36818533	1
GKChr08	52070449	52070450	1
GKChr08	2723818	2723819	1
GKChr08	36839678	36839679	1
GKChr08	50412194	50412195	1
GKChr08	39816212	39816213	1
GKChr08	6522334	6522335	1
GKChr08	47699751	47699752	1
GKChr08	40133982	40133983	1
GKChr08	50562297	50562298	1
GKChr08	47790387	47790388	1
GKChr08	1407667	1407668	1
GKChr08	55751142	55751143	1
GKChr08	56439988	56439989	1
GKChr08	45319893	45319894	1
GKChr08	47610772	47610773	1
GKChr08	9369490	9369491	1
GKChr08	567733	567734	1
GKChr08	33490555	33490556	1
GKChr08	22014218	22014219	1
GKChr08	42005541	42005542	1
GKChr08	53542719	53542720	1
GKChr08	11510889	11510890	1
GKChr08	13537054	13537055	1
GKChr08	8091342	8091343	1
GKChr08	23646371	23646372	1
GKChr08	41533732	41533733	1
GKChr08	34440245	34440246	1
GKChr08	5946872	5946873	1
GKChr08	36835430	36835431	1
GKChr08	16784143	16784144	1
GKChr08	18829974	18829975	1
GKChr08	52450355	52450356	1
GKChr08	55674775	55674776	1
GKChr08	51753440	51753441	1
GKChr08	44092735	44092736	1
GKChr08	35708663	35708664	1
GKChr08	3165577	3165578	1
GKChr08	55526860	55526861	1
GKChr08	51247574	51247575	1
GKChr08	11616938	11616939	1
GKChr08	3856915	3856916	1
GKChr08	4736726	4736727	1
GKChr08	35553483	35553484	1
GKChr08	42327493	42327494	1
GKChr08	48292155	48292156	1
GKChr08	48906438	48906439	1
GKChr08	51309507	51309508	1
GKChr08	48109103	48109104	1
GKChr08	50137633	50137634	1
GKChr08	55723887	55723888	1
GKChr08	49154618	49154619	1
GKChr08	47615365	47615366	1
GKChr08	12719495	12719496	1
GKChr08	3910819	3910820	1
GKChr08	3678967	3678968	1
GKChr08	12993714	12993715	1
GKChr08	6630352	6630353	1
GKChr08	6748808	6748809	1
GKChr08	53965871	53965872	1
GKChr08	11630197	11630198	1
GKChr08	42763811	42763812	1
GKChr08	33862465	33862466	1
GKChr08	51397568	51397569	1
GKChr08	1773720	1773721	1
GKChr08	55109957	55109958	1
GKChr08	12749865	12749866	1
GKChr08	729989	729990	1
GKChr08	48570161	48570162	1
GKChr08	47765512	47765513	1
GKChr08	11849163	11849164	1
GKChr08	51631153	51631154	1
GKChr08	18816408	18816409	1
GKChr08	49164654	49164655	1
GKChr08	45752498	45752499	1
GKChr08	53707135	53707136	1
GKChr08	22168151	22168152	1
GKChr08	40582435	40582436	1
GKChr08	6849417	6849418	1
GKChr08	1899784	1899785	1
GKChr08	15378890	15378891	1
GKChr08	51292752	51292753	1
GKChr08	33852257	33852258	1
GKChr08	54112437	54112438	1
GKChr08	50705622	50705623	1
GKChr08	47059861	47059862	1
GKChr08	50788449	50788450	1
GKChr08	2461467	2461468	1
GKChr08	54457712	54457713	1
GKChr08	50108303	50108304	1
GKChr08	40948255	40948256	1
GKChr08	51390586	51390587	1
GKChr08	48839718	48839719	1
GKChr08	55854175	55854176	1
GKChr08	45031027	45031028	1
GKChr08	47546695	47546696	1
GKChr08	50427360	50427361	1
GKChr08	55865928	55865929	1
GKChr08	4424056	4424057	1
GKChr08	35225699	35225700	1
GKChr08	13912483	13912484	1
GKChr08	55879505	55879506	1
GKChr08	56893344	56893345	1
GKChr08	51516452	51516453	1
GKChr08	33963308	33963309	1
GKChr08	41262409	41262410	1
GKChr08	47573317	47573318	1
GKChr08	54187640	54187641	1
GKChr08	1662359	1662360	1
GKChr08	56608090	56608091	1
GKChr08	39063445	39063446	1
GKChr08	42646372	42646373	1
GKChr08	33744785	33744786	1
GKChr08	37535130	37535131	1
GKChr08	37154434	37154435	1
GKChr08	54517458	54517459	1
GKChr08	45925247	45925248	1
GKChr08	1281764	1281765	1
GKChr08	4014111	4014112	1
GKChr08	54769750	54769751	1
GKChr08	6017729	6017730	1
GKChr08	37962711	37962712	1
GKChr08	7799545	7799546	1
GKChr08	51346248	51346249	1
GKChr08	9609220	9609221	1
GKChr08	18298932	18298933	1
GKChr08	46895791	46895792	1
GKChr08	51168115	51168116	1
GKChr08	41711480	41711481	1
GKChr08	26634947	26634948	1
GKChr08	49321782	49321783	1
GKChr08	3325887	3325888	1
GKChr08	2370420	2370421	1
GKChr08	48424698	48424699	1
GKChr08	54125705	54125706	1
GKChr08	42886484	42886485	1
GKChr08	7453632	7453633	1
GKChr08	4228502	4228503	1
GKChr08	36080955	36080956	1
GKChr08	25258611	25258612	1
GKChr08	10033177	10033178	1
GKChr08	41203973	41203974	1
GKChr08	54085371	54085372	1
GKChr08	10486754	10486755	1
GKChr08	36160479	36160480	1
GKChr08	45521368	45521369	1
GKChr08	43928818	43928819	1
GKChr08	43384430	43384431	1
GKChr08	12455405	12455406	1
GKChr08	50080493	50080494	1
GKChr08	33568883	33568884	1
GKChr08	42586478	42586479	1
GKChr08	54089727	54089728	1
GKChr08	36744424	36744425	1
GKChr08	26194261	26194262	1
GKChr08	46771142	46771143	1
GKChr08	36977551	36977552	1
GKChr08	11328290	11328291	1
GKChr08	51224300	51224301	1
GKChr08	53089327	53089328	1
GKChr08	56813356	56813357	1
GKChr08	11846816	11846817	1
GKChr08	9013591	9013592	1
GKChr08	49791423	49791424	1
GKChr08	7596656	7596657	1
GKChr08	48551888	48551889	1
GKChr08	22108701	22108702	1
GKChr08	47898838	47898839	1
GKChr08	41008310	41008311	1
GKChr08	44850341	44850342	1
GKChr08	11782680	11782681	1
GKChr08	38896885	38896886	1
GKChr01	48405467	48405468	1
GKChr01	15383801	15383802	1
GKChr01	11045442	11045443	1
GKChr01	117110	117111	1
GKChr01	53162694	53162695	1
GKChr01	597703	597704	1
GKChr01	46965773	46965774	1
GKChr01	53408355	53408356	1
GKChr01	54620842	54620843	1
GKChr01	42509112	42509113	1
GKChr01	17049323	17049324	1
GKChr01	8708002	8708003	1
GKChr01	1387970	1387971	1
GKChr01	53606911	53606912	1
GKChr01	4847941	4847942	1
GKChr01	27866543	27866544	1
GKChr01	52307867	52307868	1
GKChr01	4763864	4763865	1
GKChr01	6534942	6534943	1
GKChr01	3932626	3932627	1
GKChr01	17036030	17036031	1
GKChr01	1633648	1633649	1
GKChr01	11604073	11604074	1
GKChr01	2743697	2743698	1
GKChr01	23508415	23508416	1
GKChr01	25161678	25161679	1
GKChr01	33107939	33107940	1
GKChr01	12791469	12791470	1
GKChr01	22328666	22328667	1
GKChr01	40045596	40045597	1
GKChr01	48169283	48169284	1
GKChr01	4736850	4736851	1
GKChr01	23746453	23746454	1
GKChr01	22691495	22691496	1
GKChr01	8302376	8302377	1
GKChr01	4791006	4791007	1
GKChr01	17727647	17727648	1
GKChr01	43280291	43280292	1
GKChr01	9128644	9128645	1
GKChr01	4479455	4479456	1
GKChr01	3658426	3658427	1
GKChr01	18641670	18641671	1
GKChr01	9566734	9566735	1
GKChr01	55334975	55334976	1
GKChr01	4648327	4648328	1
GKChr01	33598751	33598752	1
GKChr01	74055	74056	1
GKChr01	4866630	4866631	1
GKChr01	47793807	47793808	1
GKChr01	11222155	11222156	1
GKChr01	18207806	18207807	1
GKChr01	20518024	20518025	1
GKChr01	1397604	1397605	1
GKChr01	52621463	52621464	1
GKChr01	4808520	4808521	1
GKChr01	45663557	45663558	1
GKChr01	26295571	26295572	1
GKChr01	15514409	15514410	1
GKChr01	21690547	21690548	1
GKChr01	10887954	10887955	1
GKChr01	40215206	40215207	1
GKChr01	3075113	3075114	1
GKChr01	52281651	52281652	1
GKChr01	2545670	2545671	1
GKChr01	2266979	2266980	1
GKChr01	1800722	1800723	1
GKChr01	2976913	2976914	1
GKChr01	40968101	40968102	1
GKChr01	3172929	3172930	1
GKChr01	36491375	36491376	1
GKChr01	53592379	53592380	1
GKChr01	15450460	15450461	1
GKChr01	53863918	53863919	1
GKChr01	23660996	23660997	1
GKChr01	54664156	54664157	1
GKChr01	50314746	50314747	1
GKChr01	8651824	8651825	1
GKChr01	6505275	6505276	1
GKChr01	18663038	18663039	1
GKChr01	16926507	16926508	1
GKChr01	15510912	15510913	1
GKChr01	16783943	16783944	1
GKChr01	48119718	48119719	1
GKChr01	40111756	40111757	1
GKChr01	40874822	40874823	1
GKChr01	1615767	1615768	1
GKChr01	2311858	2311859	1
GKChr01	17241955	17241956	1
GKChr01	33068542	33068543	1
GKChr01	35395191	35395192	1
GKChr01	17152534	17152535	1
GKChr01	51389693	51389694	1
GKChr01	48628124	48628125	1
GKChr01	11381202	11381203	1
GKChr01	14837935	14837936	1
GKChr01	3561847	3561848	1
GKChr01	26177009	26177010	1
GKChr01	42427531	42427532	1
GKChr01	3392133	3392134	1
GKChr01	17916545	17916546	1
GKChr01	15469068	15469069	1
GKChr01	24364846	24364847	1
GKChr01	12483212	12483213	1
GKChr01	39046991	39046992	1
GKChr01	50540063	50540064	1
GKChr01	15762001	15762002	1
GKChr01	14807576	14807577	1
GKChr01	34552129	34552130	1
GKChr01	11533312	11533313	1
GKChr01	53333255	53333256	1
GKChr01	11289279	11289280	1
GKChr01	1409348	1409349	1
GKChr01	3685549	3685550	1
GKChr01	1894761	1894762	1
GKChr01	3759983	3759984	1
GKChr01	7181218	7181219	1
GKChr01	52989428	52989429	1
GKChr01	12577645	12577646	1
GKChr01	31060829	31060830	1
GKChr01	53007269	53007270	1
GKChr01	23293194	23293195	1
GKChr01	17673085	17673086	1
GKChr01	22096600	22096601	1
GKChr01	47819406	47819407	1
GKChr01	4658744	4658745	1
GKChr01	4433992	4433993	1
GKChr01	52490601	52490602	1
GKChr01	47977951	47977952	1
GKChr01	42938823	42938824	1
GKChr01	55023207	55023208	1
GKChr01	47308581	47308582	1
GKChr01	49194315	49194316	1
GKChr01	54073060	54073061	1
GKChr01	46541191	46541192	1
GKChr01	7977437	7977438	1
GKChr01	29768423	29768424	1
GKChr01	1769558	1769559	1
GKChr01	19691068	19691069	1
GKChr01	44196407	44196408	1
GKChr01	44432525	44432526	1
GKChr01	24513586	24513587	1
GKChr01	5364577	5364578	1
GKChr01	5103583	5103584	1
GKChr01	30430839	30430840	1
GKChr01	1108922	1108923	1
GKChr01	3364945	3364946	1
GKChr01	14640567	14640568	1
GKChr01	35842385	35842386	1
GKChr01	22111917	22111918	1
GKChr12	13565943	13565944	1
GKChr12	32934599	32934600	1
GKChr12	33695541	33695542	1
GKChr12	34972873	34972874	1
GKChr12	1557155	1557156	1
GKChr12	32323028	32323029	1
GKChr12	9777589	9777590	1
GKChr12	6590188	6590189	1
GKChr12	5779081	5779082	1
GKChr12	32058171	32058172	1
GKChr12	35361620	35361621	1
GKChr12	3792516	3792517	1
GKChr12	30518269	30518270	1
GKChr12	8711630	8711631	1
GKChr12	10339742	10339743	1
GKChr12	8981542	8981543	1
GKChr12	7046467	7046468	1
GKChr12	4571264	4571265	1
GKChr12	30712213	30712214	1
GKChr12	12388317	12388318	1
GKChr12	3406620	3406621	1
GKChr12	10902817	10902818	1
GKChr12	10539978	10539979	1
GKChr12	35413060	35413061	1
GKChr12	818796	818797	1
GKChr12	26840992	26840993	1
GKChr12	32066878	32066879	1
GKChr12	10521792	10521793	1
GKChr12	7399314	7399315	1
GKChr12	6901833	6901834	1
GKChr12	16132224	16132225	1
GKChr12	14992689	14992690	1
GKChr12	33511151	33511152	1
GKChr12	2539489	2539490	1
GKChr12	29491375	29491376	1
GKChr12	3371152	3371153	1
GKChr12	2257418	2257419	1
GKChr12	14893900	14893901	1
GKChr12	30928586	30928587	1
GKChr12	12605106	12605107	1
GKChr12	15865533	15865534	1
GKChr12	6230641	6230642	1
GKChr12	6738620	6738621	1
GKChr12	2614684	2614685	1
GKChr12	1279369	1279370	1
GKChr12	31244476	31244477	1
GKChr12	23119862	23119863	1
GKChr12	1214485	1214486	1
GKChr12	33314281	33314282	1
GKChr12	29001028	29001029	1
GKChr12	34043395	34043396	1
GKChr12	33042660	33042661	1
GKChr12	1046735	1046736	1
GKChr12	5231301	5231302	1
GKChr12	13543896	13543897	1
GKChr12	4840400	4840401	1
GKChr12	11063314	11063315	1
GKChr12	34310654	34310655	1
GKChr12	31684335	31684336	1
GKChr12	3621182	3621183	1
GKChr12	32355541	32355542	1
GKChr12	7234221	7234222	1
GKChr12	32902090	32902091	1
GKChr12	27706878	27706879	1
GKChr12	8093438	8093439	1
GKChr12	32464377	32464378	1
GKChr12	23743693	23743694	1
GKChr12	29333779	29333780	1
GKChr12	29624272	29624273	1
GKChr12	6426958	6426959	1
GKChr12	13089994	13089995	1
GKChr12	23011917	23011918	1
GKChr12	14385040	14385041	1
GKChr12	34337861	34337862	1
GKChr12	8358348	8358349	1
GKChr12	35097043	35097044	1
GKChr12	2208412	2208413	1
GKChr12	2332348	2332349	1
GKChr12	2344485	2344486	1
GKChr12	5565565	5565566	1
GKChr12	30075805	30075806	1
GKChr12	266697	266698	1
GKChr12	14989200	14989201	1
GKChr12	1033779	1033780	1
GKChr12	31141266	31141267	1
GKChr12	29932547	29932548	1
GKChr12	33401402	33401403	1
GKChr12	4125051	4125052	1
GKChr12	7223151	7223152	1
GKChr12	6442153	6442154	1
GKChr12	33443272	33443273	1
GKChr12	4799501	4799502	1
GKChr12	13300890	13300891	1
GKChr12	5222803	5222804	1
GKChr12	13557178	13557179	1
GKChr12	34440705	34440706	1
GKChr12	7907788	7907789	1
GKChr12	17367398	17367399	1
GKChr12	28773894	28773895	1
GKChr12	14499482	14499483	1
GKChr12	23557903	23557904	1
GKChr12	1420172	1420173	1
GKChr12	32793077	32793078	1
GKChr12	14515357	14515358	1
GKChr12	14283463	14283464	1
GKChr12	27642616	27642617	1
GKChr12	14120119	14120120	1
GKChr12	1979792	1979793	1
GKChr12	34544272	34544273	1
GKChr12	31325812	31325813	1
GKChr06	36498695	36498696	1
GKChr06	1043111	1043112	1
GKChr06	1630377	1630378	1
GKChr06	35138074	35138075	1
GKChr06	36888627	36888628	1
GKChr06	39373355	39373356	1
GKChr06	21643521	21643522	1
GKChr06	38165551	38165552	1
GKChr06	32440743	32440744	1
GKChr06	50124387	50124388	1
GKChr06	8835982	8835983	1
GKChr06	8640601	8640602	1
GKChr06	48295469	48295470	1
GKChr06	37013484	37013485	1
GKChr06	30347338	30347339	1
GKChr06	29823451	29823452	1
GKChr06	1732203	1732204	1
GKChr06	10876506	10876507	1
GKChr06	30868549	30868550	1
GKChr06	39734328	39734329	1
GKChr06	13510287	13510288	1
GKChr06	38252628	38252629	1
GKChr06	32317926	32317927	1
GKChr06	11693994	11693995	1
GKChr06	3377010	3377011	1
GKChr06	35069771	35069772	1
GKChr06	27358430	27358431	1
GKChr06	37760288	37760289	1
GKChr06	22968860	22968861	1
GKChr06	21674528	21674529	1
GKChr06	7530114	7530115	1
GKChr06	29452996	29452997	1
GKChr06	29167286	29167287	1
GKChr06	37586844	37586845	1
GKChr06	24799190	24799191	1
GKChr06	31306742	31306743	1
GKChr06	32626029	32626030	1
GKChr06	14346311	14346312	1
GKChr06	27812565	27812566	1
GKChr06	33614370	33614371	1
GKChr06	21638061	21638062	1
GKChr06	49406200	49406201	1
GKChr06	19877211	19877212	1
GKChr06	33380893	33380894	1
GKChr06	42349353	42349354	1
GKChr06	50280885	50280886	1
GKChr06	8560098	8560099	1
GKChr06	48047774	48047775	1
GKChr06	2923682	2923683	1
GKChr06	43002765	43002766	1
GKChr06	3982628	3982629	1
GKChr06	32091284	32091285	1
GKChr06	50690205	50690206	1
GKChr06	43456932	43456933	1
GKChr06	44777156	44777157	1
GKChr06	34716992	34716993	1
GKChr06	38078210	38078211	1
GKChr06	43599283	43599284	1
GKChr06	31818972	31818973	1
GKChr06	13026617	13026618	1
GKChr06	49130285	49130286	1
GKChr06	31738159	31738160	1
GKChr06	32622976	32622977	1
GKChr06	36537337	36537338	1
GKChr06	43170663	43170664	1
GKChr06	46211225	46211226	1
GKChr06	44869273	44869274	1
GKChr06	39707705	39707706	1
GKChr06	11281209	11281210	1
GKChr06	47019321	47019322	1
GKChr06	532934	532935	1
GKChr06	47931451	47931452	1
GKChr06	34708863	34708864	1
GKChr06	45646194	45646195	1
GKChr06	50242592	50242593	1
GKChr06	24971440	24971441	1
GKChr06	34138642	34138643	1
GKChr06	6407597	6407598	1
GKChr06	48044725	48044726	1
GKChr06	39374276	39374277	1
GKChr06	50348570	50348571	1
GKChr06	48614014	48614015	1
GKChr06	36131934	36131935	1
GKChr06	5817812	5817813	1
GKChr06	2180267	2180268	1
GKChr06	43603137	43603138	1
GKChr06	32153041	32153042	1
GKChr06	44921579	44921580	1
GKChr06	32470305	32470306	1
GKChr06	46359973	46359974	1
GKChr06	32097560	32097561	1
GKChr06	24297828	24297829	1
GKChr06	7465659	7465660	1
GKChr06	49761634	49761635	1
GKChr06	6089689	6089690	1
GKChr06	10077026	10077027	1
GKChr06	14475665	14475666	1
GKChr06	11821586	11821587	1
GKChr06	41739701	41739702	1
GKChr06	44261124	44261125	1
GKChr06	24849484	24849485	1
GKChr06	11585310	11585311	1
GKChr06	548227	548228	1
GKChr06	41398440	41398441	1
GKChr06	38032357	38032358	1
GKChr06	15209323	15209324	1
GKChr06	50535325	50535326	1
GKChr06	37883047	37883048	1
GKChr06	14761762	14761763	1
GKChr06	41805430	41805431	1
GKChr06	7444620	7444621	1
GKChr06	46304994	46304995	1
GKChr06	45751761	45751762	1
GKChr06	5622872	5622873	1
GKChr06	50119354	50119355	1
GKChr06	34616742	34616743	1
GKChr06	49338281	49338282	1
GKChr06	4053268	4053269	1
GKChr06	48453048	48453049	1
GKChr06	33233902	33233903	1
GKChr06	33705502	33705503	1
