KDChr10	11750130	11750131	1
KDChr10	58280405	58280406	1
KDChr10	8373701	8373702	1
KDChr10	8499619	8499620	1
KDChr10	2869614	2869615	1
KDChr10	48863245	48863246	1
KDChr10	10395089	10395090	1
KDChr10	12651866	12651867	1
KDChr10	1510045	1510046	1
KDChr10	23204802	23204803	1
KDChr10	8394780	8394781	1
KDChr10	5910733	5910734	1
KDChr10	53022278	53022279	1
KDChr10	61720790	61720791	1
KDChr10	57154445	57154446	1
KDChr10	61736173	61736174	1
KDChr10	17513624	17513625	1
KDChr10	49201526	49201527	1
KDChr10	5322617	5322618	1
KDChr10	12442565	12442566	1
KDChr10	62087996	62087997	1
KDChr10	24035894	24035895	1
KDChr10	41791639	41791640	1
KDChr10	42721038	42721039	1
KDChr10	55709528	55709529	1
KDChr10	26574335	26574336	1
KDChr10	1358610	1358611	1
KDChr10	28140960	28140961	1
KDChr10	27518973	27518974	1
KDChr10	48747257	48747258	1
KDChr10	2409162	2409163	1
KDChr10	44679478	44679479	1
KDChr10	59975705	59975706	1
KDChr10	611710	611711	1
KDChr10	20112585	20112586	1
KDChr10	55713030	55713031	1
KDChr10	11203573	11203574	1
KDChr10	18471726	18471727	1
KDChr10	23258327	23258328	1
KDChr10	31968672	31968673	1
KDChr10	2182771	2182772	1
KDChr10	8003792	8003793	1
KDChr10	4880820	4880821	1
KDChr10	27278958	27278959	1
KDChr10	49507077	49507078	1
KDChr10	52599739	52599740	1
KDChr10	12059595	12059596	1
KDChr10	59312769	59312770	1
KDChr10	48177292	48177293	1
KDChr10	53310766	53310767	1
KDChr10	12064957	12064958	1
KDChr10	11996067	11996068	1
KDChr10	59435570	59435571	1
KDChr10	37906983	37906984	1
KDChr10	5708227	5708228	1
KDChr10	1355567	1355568	1
KDChr10	6555806	6555807	1
KDChr10	54133709	54133710	1
KDChr10	3679799	3679800	1
KDChr10	23679511	23679512	1
KDChr10	50547254	50547255	1
KDChr10	57000314	57000315	1
KDChr10	61852844	61852845	1
KDChr10	1636428	1636429	1
KDChr10	13451149	13451150	1
KDChr10	56751387	56751388	1
KDChr10	47203569	47203570	1
KDChr10	56100563	56100564	1
KDChr10	19211916	19211917	1
KDChr10	41820024	41820025	1
KDChr10	60459112	60459113	1
KDChr10	60775280	60775281	1
KDChr10	61663845	61663846	1
KDChr10	40471110	40471111	1
KDChr10	46087907	46087908	1
KDChr10	1620846	1620847	1
KDChr10	8419539	8419540	1
KDChr10	1530880	1530881	1
KDChr10	61393310	61393311	1
KDChr10	34914137	34914138	1
KDChr10	61893017	61893018	1
KDChr10	802236	802237	1
KDChr10	57378467	57378468	1
KDChr10	38315761	38315762	1
KDChr10	6211423	6211424	1
KDChr10	6535083	6535084	1
KDChr10	16218750	16218751	1
KDChr10	60080380	60080381	1
KDChr10	295013	295014	1
KDChr10	20669917	20669918	1
KDChr10	55899341	55899342	1
KDChr10	2371979	2371980	1
KDChr10	56055688	56055689	1
KDChr10	39297830	39297831	1
KDChr10	40769232	40769233	1
KDChr10	3163753	3163754	1
KDChr10	1954889	1954890	1
KDChr10	2332203	2332204	1
KDChr10	3464930	3464931	1
KDChr09	19499689	19499690	1
KDChr09	4205130	4205131	1
KDChr09	24242556	24242557	1
KDChr09	45699851	45699852	1
KDChr09	31040699	31040700	1
KDChr09	7612100	7612101	1
KDChr09	22853691	22853692	1
KDChr09	29791164	29791165	1
KDChr09	36266341	36266342	1
KDChr09	4391568	4391569	1
KDChr09	10500731	10500732	1
KDChr09	10078446	10078447	1
KDChr09	50020270	50020271	1
KDChr09	7201157	7201158	1
KDChr09	7044940	7044941	1
KDChr09	34720119	34720120	1
KDChr09	13407218	13407219	1
KDChr09	1318102	1318103	1
KDChr09	14456514	14456515	1
KDChr09	747256	747257	1
KDChr09	3802308	3802309	1
KDChr09	1008071	1008072	1
KDChr09	13625572	13625573	1
KDChr09	19564593	19564594	1
KDChr09	11422758	11422759	1
KDChr09	57890539	57890540	1
KDChr09	15481975	15481976	1
KDChr09	2838107	2838108	1
KDChr09	17248104	17248105	1
KDChr09	66107071	66107072	1
KDChr09	24482583	24482584	1
KDChr09	14012004	14012005	1
KDChr09	13725275	13725276	1
KDChr09	17414628	17414629	1
KDChr09	19071288	19071289	1
KDChr09	9603688	9603689	1
KDChr09	3594892	3594893	1
KDChr09	1359598	1359599	1
KDChr09	67443398	67443399	1
KDChr09	5636768	5636769	1
KDChr09	5797383	5797384	1
KDChr09	17307661	17307662	1
KDChr09	19930948	19930949	1
KDChr09	4118063	4118064	1
KDChr09	14436112	14436113	1
KDChr09	61558410	61558411	1
KDChr09	21684760	21684761	1
KDChr09	49203688	49203689	1
KDChr09	66658848	66658849	1
KDChr09	10038729	10038730	1
KDChr09	67280561	67280562	1
KDChr09	8935246	8935247	1
KDChr09	19123329	19123330	1
KDChr09	14971616	14971617	1
KDChr09	20909740	20909741	1
KDChr09	5528191	5528192	1
KDChr09	245622	245623	1
KDChr09	22993712	22993713	1
KDChr09	52571458	52571459	1
KDChr09	21386310	21386311	1
KDChr09	7810059	7810060	1
KDChr09	7558973	7558974	1
KDChr09	21465012	21465013	1
KDChr09	16564333	16564334	1
KDChr09	17015301	17015302	1
KDChr09	169967	169968	1
KDChr09	21278174	21278175	1
KDChr09	34473932	34473933	1
KDChr09	6099695	6099696	1
KDChr09	4174931	4174932	1
KDChr09	9129634	9129635	1
KDChr09	60727936	60727937	1
KDChr09	65963820	65963821	1
KDChr09	18428389	18428390	1
KDChr09	3002854	3002855	1
KDChr09	9886150	9886151	1
KDChr09	67370891	67370892	1
KDChr09	19137252	19137253	1
KDChr09	4640458	4640459	1
KDChr09	25409712	25409713	1
KDChr09	56197940	56197941	1
KDChr09	9386678	9386679	1
KDChr09	9099018	9099019	1
KDChr09	1064517	1064518	1
KDChr09	16608224	16608225	1
KDChr09	45738911	45738912	1
KDChr09	16359342	16359343	1
KDChr09	39954253	39954254	1
KDChr09	33839373	33839374	1
KDChr09	6451945	6451946	1
KDChr09	1480060	1480061	1
KDChr09	9786668	9786669	1
KDChr09	29820369	29820370	1
KDChr09	17383616	17383617	1
KDChr09	34933349	34933350	1
KDChr09	34154868	34154869	1
KDChr09	11273688	11273689	1
KDChr09	13920805	13920806	1
KDChr09	1980998	1980999	1
KDChr09	4942062	4942063	1
KDChr09	11208528	11208529	1
KDChr09	69326581	69326582	1
KDChr09	11349755	11349756	1
KDChr09	15811348	15811349	1
KDChr09	8453242	8453243	1
KDChr09	11637956	11637957	1
KDChr09	675246	675247	1
KDChr09	1728029	1728030	1
KDChr09	17989526	17989527	1
KDChr09	54366933	54366934	1
KDChr09	5331307	5331308	1
KDChr09	10952493	10952494	1
KDChr09	12098356	12098357	1
KDChr09	26279799	26279800	1
KDChr09	8128532	8128533	1
KDChr09	5653526	5653527	1
KDChr09	22537841	22537842	1
KDChr09	36720347	36720348	1
KDChr09	18041955	18041956	1
KDChr09	12426465	12426466	1
KDChr09	4086239	4086240	1
KDChr09	3787567	3787568	1
KDChr09	21684185	21684186	1
KDChr09	3353689	3353690	1
KDChr09	29134346	29134347	1
KDChr09	37074490	37074491	1
KDChr09	7179916	7179917	1
KDChr09	6646404	6646405	1
KDChr09	18791820	18791821	1
KDChr09	12549868	12549869	1
KDChr09	17849465	17849466	1
KDChr09	65275785	65275786	1
KDChr09	17438401	17438402	1
KDChr09	22019547	22019548	1
KDChr09	17220392	17220393	1
KDChr09	6942542	6942543	1
KDChr09	59971217	59971218	1
KDChr09	21752757	21752758	1
KDChr09	12878946	12878947	1
KDChr09	6780171	6780172	1
KDChr09	24089385	24089386	1
KDChr09	22705767	22705768	1
KDChr09	70430612	70430613	1
KDChr09	11147883	11147884	1
KDChr09	9808502	9808503	1
KDChr09	59401685	59401686	1
KDChr09	11975494	11975495	1
KDChr09	5560493	5560494	1
KDChr09	8515410	8515411	1
KDChr09	8805756	8805757	1
KDChr09	12101850	12101851	1
KDChr09	4262283	4262284	1
KDChr09	16432552	16432553	1
KDChr09	2876182	2876183	1
KDChr09	9238608	9238609	1
KDChr09	9874547	9874548	1
KDChr09	29014752	29014753	1
KDChr09	18575768	18575769	1
KDChr09	53971103	53971104	1
KDChr09	8013467	8013468	1
KDChr09	2395991	2395992	1
KDChr09	12856857	12856858	1
KDChr09	34434945	34434946	1
KDChr09	362492	362493	1
KDChr09	16744386	16744387	1
KDChr09	1527675	1527676	1
KDChr09	5862012	5862013	1
KDChr09	8007027	8007028	1
KDChr09	5969221	5969222	1
KDChr09	16601091	16601092	1
KDChr09	24201721	24201722	1
KDChr09	42237723	42237724	1
KDChr09	13295082	13295083	1
KDChr09	10073600	10073601	1
KDChr09	3244650	3244651	1
KDChr09	67315415	67315416	1
KDChr09	6482000	6482001	1
KDChr09	1494846	1494847	1
KDChr09	8891626	8891627	1
KDChr09	1782053	1782054	1
KDChr09	51088017	51088018	1
KDChr09	13259325	13259326	1
KDChr09	7513303	7513304	1
KDChr09	10255987	10255988	1
KDChr09	9639788	9639789	1
KDChr09	17455354	17455355	1
KDChr09	19323846	19323847	1
KDChr09	9971673	9971674	1
KDChr09	27151726	27151727	1
KDChr09	17568616	17568617	1
KDChr09	30052852	30052853	1
KDChr09	4498808	4498809	1
KDChr09	3534289	3534290	1
KDChr04	39171975	39171976	1
KDChr04	5989311	5989312	1
KDChr04	15010403	15010404	1
KDChr04	61736934	61736935	1
KDChr04	6977215	6977216	1
KDChr04	736882	736883	1
KDChr04	58801385	58801386	1
KDChr04	36874306	36874307	1
KDChr04	58116654	58116655	1
KDChr04	2180058	2180059	1
KDChr04	55205758	55205759	1
KDChr04	4758579	4758580	1
KDChr04	48914256	48914257	1
KDChr04	62039942	62039943	1
KDChr04	44605832	44605833	1
KDChr04	12806028	12806029	1
KDChr04	596393	596394	1
KDChr04	8664542	8664543	1
KDChr04	8810644	8810645	1
KDChr04	60697738	60697739	1
KDChr04	58978897	58978898	1
KDChr04	5536589	5536590	1
KDChr04	58543392	58543393	1
KDChr04	56901723	56901724	1
KDChr04	51258635	51258636	1
KDChr04	1046823	1046824	1
KDChr04	994808	994809	1
KDChr04	54536482	54536483	1
KDChr04	9519670	9519671	1
KDChr04	61973440	61973441	1
KDChr04	1432112	1432113	1
KDChr04	58039860	58039861	1
KDChr04	59311948	59311949	1
KDChr04	17553414	17553415	1
KDChr04	1150719	1150720	1
KDChr04	61497544	61497545	1
KDChr04	59218761	59218762	1
KDChr04	3629126	3629127	1
KDChr04	58276368	58276369	1
KDChr04	57793042	57793043	1
KDChr04	16920242	16920243	1
KDChr04	26093286	26093287	1
KDChr04	61701392	61701393	1
KDChr04	15921577	15921578	1
KDChr04	49549993	49549994	1
KDChr04	54701674	54701675	1
KDChr04	3259010	3259011	1
KDChr04	4984971	4984972	1
KDChr04	60847245	60847246	1
KDChr04	59606651	59606652	1
KDChr04	58621135	58621136	1
KDChr04	53887432	53887433	1
KDChr04	11604740	11604741	1
KDChr04	2161048	2161049	1
KDChr04	3785257	3785258	1
KDChr04	45259574	45259575	1
KDChr04	34283342	34283343	1
KDChr04	55168788	55168789	1
KDChr04	594073	594074	1
KDChr04	7363371	7363372	1
KDChr04	48115197	48115198	1
KDChr04	43132596	43132597	1
KDChr04	61705537	61705538	1
KDChr04	49962090	49962091	1
KDChr04	57825135	57825136	1
KDChr04	7753140	7753141	1
KDChr04	153327	153328	1
KDChr04	10611164	10611165	1
KDChr04	9731958	9731959	1
KDChr04	21553291	21553292	1
KDChr04	48304635	48304636	1
KDChr04	40607470	40607471	1
KDChr04	6177634	6177635	1
KDChr04	56229595	56229596	1
KDChr04	53325639	53325640	1
KDChr04	36615186	36615187	1
KDChr04	134232	134233	1
KDChr04	58824317	58824318	1
KDChr04	61849947	61849948	1
KDChr04	58805011	58805012	1
KDChr04	8661718	8661719	1
KDChr04	60126171	60126172	1
KDChr04	33063292	33063293	1
KDChr04	11779813	11779814	1
KDChr04	53397858	53397859	1
KDChr04	56910493	56910494	1
KDChr04	1008351	1008352	1
KDChr04	58009492	58009493	1
KDChr04	12318728	12318729	1
KDChr04	51930445	51930446	1
KDChr04	9207660	9207661	1
KDChr04	3500631	3500632	1
KDChr04	119685	119686	1
KDChr04	1495380	1495381	1
KDChr04	61012713	61012714	1
KDChr04	10409874	10409875	1
KDChr04	52009657	52009658	1
KDChr04	51403665	51403666	1
KDChr04	33292146	33292147	1
KDscaffold_14	1459252	1459253	1
KDChr07	4385024	4385025	1
KDChr07	11613501	11613502	1
KDChr07	3788748	3788749	1
KDChr07	3241800	3241801	1
KDChr07	5640611	5640612	1
KDChr07	12639706	12639707	1
KDChr07	1949333	1949334	1
KDChr07	5313434	5313435	1
KDChr07	13603672	13603673	1
KDChr07	51828334	51828335	1
KDChr07	3435684	3435685	1
KDChr07	39509880	39509881	1
KDChr07	13849952	13849953	1
KDChr07	8684480	8684481	1
KDChr07	12310291	12310292	1
KDChr07	60315775	60315776	1
KDChr07	11116201	11116202	1
KDChr07	3233583	3233584	1
KDChr07	55486375	55486376	1
KDChr07	7799048	7799049	1
KDChr07	18295144	18295145	1
KDChr07	1838699	1838700	1
KDChr07	42717097	42717098	1
KDChr07	15048135	15048136	1
KDChr07	60026450	60026451	1
KDChr07	53032689	53032690	1
KDChr07	13138689	13138690	1
KDChr07	5880003	5880004	1
KDChr07	8913734	8913735	1
KDChr07	15070037	15070038	1
KDChr07	46529142	46529143	1
KDChr07	18858452	18858453	1
KDChr07	16617779	16617780	1
KDChr07	51434191	51434192	1
KDChr07	52235530	52235531	1
KDChr07	5828779	5828780	1
KDChr07	7167269	7167270	1
KDChr07	49363608	49363609	1
KDChr07	11371198	11371199	1
KDChr07	12445979	12445980	1
KDChr07	3041046	3041047	1
KDChr07	319854	319855	1
KDChr07	29831904	29831905	1
KDChr07	5813967	5813968	1
KDChr07	5268147	5268148	1
KDChr07	11072725	11072726	1
KDChr07	47521630	47521631	1
KDChr07	23955083	23955084	1
KDChr07	10268236	10268237	1
KDChr07	26784794	26784795	1
KDChr07	55958323	55958324	1
KDChr07	994664	994665	1
KDChr07	3719899	3719900	1
KDChr07	57893386	57893387	1
KDChr07	4662712	4662713	1
KDChr07	10937058	10937059	1
KDChr07	4137448	4137449	1
KDChr07	25457931	25457932	1
KDChr07	60910072	60910073	1
KDChr07	50828289	50828290	1
KDChr07	15009882	15009883	1
KDChr07	421898	421899	1
KDChr07	24434975	24434976	1
KDChr07	41560984	41560985	1
KDChr07	13148870	13148871	1
KDChr07	24141006	24141007	1
KDChr07	58470460	58470461	1
KDChr07	46720846	46720847	1
KDChr07	3454491	3454492	1
KDChr07	9483294	9483295	1
KDChr07	38654036	38654037	1
KDChr07	5997772	5997773	1
KDChr07	17711509	17711510	1
KDChr07	49464573	49464574	1
KDChr07	56855277	56855278	1
KDChr07	43685790	43685791	1
KDChr07	8911834	8911835	1
KDChr07	52854220	52854221	1
KDChr07	1474332	1474333	1
KDChr07	7540133	7540134	1
KDChr07	19892286	19892287	1
KDChr07	10438188	10438189	1
KDChr07	7913102	7913103	1
KDChr07	10601271	10601272	1
KDChr07	58350953	58350954	1
KDChr07	18095855	18095856	1
KDChr07	16906695	16906696	1
KDChr07	58054597	58054598	1
KDChr07	7718029	7718030	1
KDChr07	43913992	43913993	1
KDChr07	6431393	6431394	1
KDChr07	50658543	50658544	1
KDChr07	4676431	4676432	1
KDChr07	53302577	53302578	1
KDChr07	13893319	13893320	1
KDChr07	44142215	44142216	1
KDChr07	43393504	43393505	1
KDChr07	12646663	12646664	1
KDChr07	1276231	1276232	1
KDChr07	6457259	6457260	1
KDChr07	11999509	11999510	1
KDChr07	8758503	8758504	1
KDChr07	7586476	7586477	1
KDChr07	60740620	60740621	1
KDChr07	6211683	6211684	1
KDChr07	1320701	1320702	1
KDChr07	8330050	8330051	1
KDChr07	2442332	2442333	1
KDChr07	10868126	10868127	1
KDChr07	56128140	56128141	1
KDChr07	60828882	60828883	1
KDChr07	14829184	14829185	1
KDChr07	353488	353489	1
KDChr07	1437892	1437893	1
KDChr07	12695910	12695911	1
KDChr07	7162601	7162602	1
KDChr07	3195822	3195823	1
KDChr07	6471900	6471901	1
KDChr07	12807299	12807300	1
KDChr07	998700	998701	1
KDChr07	8024308	8024309	1
KDChr07	42466426	42466427	1
KDChr07	16647869	16647870	1
KDChr07	9769292	9769293	1
KDChr07	2754224	2754225	1
KDChr07	2718716	2718717	1
KDChr07	25732137	25732138	1
KDChr07	2507595	2507596	1
KDChr07	4263439	4263440	1
KDChr07	12206021	12206022	1
KDChr07	16342881	16342882	1
KDChr07	16609694	16609695	1
KDChr07	51399604	51399605	1
KDChr07	12461276	12461277	1
KDChr07	15675740	15675741	1
KDChr13	33790417	33790418	1
KDChr13	17973206	17973207	1
KDChr13	57181480	57181481	1
KDChr13	1666457	1666458	1
KDChr13	34619863	34619864	1
KDChr13	4869853	4869854	1
KDChr13	9127251	9127252	1
KDChr13	119368	119369	1
KDChr13	56015310	56015311	1
KDChr13	9104682	9104683	1
KDChr13	3910071	3910072	1
KDChr13	28433068	28433069	1
KDChr13	3007350	3007351	1
KDChr13	41396363	41396364	1
KDChr13	57816907	57816908	1
KDChr13	45011551	45011552	1
KDChr13	45217975	45217976	1
KDChr13	17288737	17288738	1
KDChr13	21656410	21656411	1
KDChr13	55333936	55333937	1
KDChr13	9265630	9265631	1
KDChr13	36042023	36042024	1
KDChr13	29566266	29566267	1
KDChr13	57985459	57985460	1
KDChr13	31639574	31639575	1
KDChr13	45942297	45942298	1
KDChr13	49396132	49396133	1
KDChr13	51654354	51654355	1
KDChr13	105671	105672	1
KDChr13	7206751	7206752	1
KDChr13	32435440	32435441	1
KDChr13	5168634	5168635	1
KDChr13	649388	649389	1
KDChr13	55580658	55580659	1
KDChr13	33249597	33249598	1
KDChr13	44860506	44860507	1
KDChr13	11159480	11159481	1
KDChr13	56823594	56823595	1
KDChr13	4432971	4432972	1
KDChr13	5128557	5128558	1
KDChr13	54552974	54552975	1
KDChr13	46317031	46317032	1
KDChr13	6672447	6672448	1
KDChr13	38725824	38725825	1
KDChr13	2357423	2357424	1
KDChr13	426245	426246	1
KDChr13	1298618	1298619	1
KDChr13	48625538	48625539	1
KDChr13	18697171	18697172	1
KDChr13	43692099	43692100	1
KDChr13	9862200	9862201	1
KDChr13	49287072	49287073	1
KDChr13	57125804	57125805	1
KDChr13	57912362	57912363	1
KDChr13	779119	779120	1
KDChr13	48292262	48292263	1
KDChr13	52761497	52761498	1
KDChr13	28332891	28332892	1
KDChr13	4011738	4011739	1
KDChr13	15968528	15968529	1
KDChr13	50129300	50129301	1
KDChr13	48388392	48388393	1
KDChr13	669967	669968	1
KDChr13	50976101	50976102	1
KDChr13	21303550	21303551	1
KDChr13	50309118	50309119	1
KDChr13	26827722	26827723	1
KDChr13	57762908	57762909	1
KDChr13	2250137	2250138	1
KDChr13	46328868	46328869	1
KDChr13	56751400	56751401	1
KDChr13	4864274	4864275	1
KDChr13	33556473	33556474	1
KDChr13	27367332	27367333	1
KDChr13	7736753	7736754	1
KDChr13	40419227	40419228	1
KDChr13	8497185	8497186	1
KDChr13	3822545	3822546	1
KDChr13	45297563	45297564	1
KDChr13	36747786	36747787	1
KDChr13	56559918	56559919	1
KDChr13	33435716	33435717	1
KDChr13	57906439	57906440	1
KDChr13	23406080	23406081	1
KDChr13	17327995	17327996	1
KDChr13	33353362	33353363	1
KDChr13	17402959	17402960	1
KDChr13	4252721	4252722	1
KDChr13	1207674	1207675	1
KDChr13	927976	927977	1
KDChr13	15068293	15068294	1
KDChr13	57897130	57897131	1
KDChr13	52917040	52917041	1
KDChr13	866398	866399	1
KDChr13	51691796	51691797	1
KDChr13	14806934	14806935	1
KDChr13	29532869	29532870	1
KDChr13	4373577	4373578	1
KDChr13	17389825	17389826	1
KDChr13	51721991	51721992	1
KDChr13	55240378	55240379	1
KDChr13	6996986	6996987	1
KDChr13	51504786	51504787	1
KDChr13	17364661	17364662	1
KDChr13	3012257	3012258	1
KDChr13	3872265	3872266	1
KDscaffold_17	115022	115023	1
KDscaffold_214	30	31	1
KDChr02	47594021	47594022	1
KDChr02	2945062	2945063	1
KDChr02	1783609	1783610	1
KDChr02	642343	642344	1
KDChr02	59279357	59279358	1
KDChr02	61345674	61345675	1
KDChr02	16704208	16704209	1
KDChr02	4739217	4739218	1
KDChr02	11469736	11469737	1
KDChr02	56591529	56591530	1
KDChr02	18399069	18399070	1
KDChr02	5384584	5384585	1
KDChr02	16875171	16875172	1
KDChr02	2325218	2325219	1
KDChr02	11722238	11722239	1
KDChr02	13670281	13670282	1
KDChr02	42103002	42103003	1
KDChr02	9843892	9843893	1
KDChr02	2027686	2027687	1
KDChr02	62062403	62062404	1
KDChr02	39119837	39119838	1
KDChr02	8708299	8708300	1
KDChr02	1998121	1998122	1
KDChr02	14800757	14800758	1
KDChr02	57658866	57658867	1
KDChr02	61557664	61557665	1
KDChr02	7563696	7563697	1
KDChr02	58674055	58674056	1
KDChr02	53630476	53630477	1
KDChr02	12712592	12712593	1
KDChr02	60992778	60992779	1
KDChr02	59112374	59112375	1
KDChr02	44767703	44767704	1
KDChr02	14749570	14749571	1
KDChr02	20546511	20546512	1
KDChr02	44546756	44546757	1
KDChr02	51431308	51431309	1
KDChr02	988383	988384	1
KDChr02	62467072	62467073	1
KDChr02	44615138	44615139	1
KDChr02	60538547	60538548	1
KDChr02	1537096	1537097	1
KDChr02	12176897	12176898	1
KDChr02	32682044	32682045	1
KDChr02	8457580	8457581	1
KDChr02	12776338	12776339	1
KDChr02	18992220	18992221	1
KDChr02	58842813	58842814	1
KDChr02	54184265	54184266	1
KDChr02	62009185	62009186	1
KDChr02	19424334	19424335	1
KDChr02	17538404	17538405	1
KDChr02	61561761	61561762	1
KDChr02	28012846	28012847	1
KDChr02	43932293	43932294	1
KDChr02	1530459	1530460	1
KDChr02	13871626	13871627	1
KDChr02	51263034	51263035	1
KDChr02	8961643	8961644	1
KDChr02	792665	792666	1
KDChr02	41077010	41077011	1
KDChr02	31696533	31696534	1
KDChr02	56285844	56285845	1
KDChr02	28269628	28269629	1
KDChr02	2171464	2171465	1
KDChr02	29062340	29062341	1
KDChr02	11302989	11302990	1
KDChr02	59077238	59077239	1
KDChr02	15572201	15572202	1
KDChr02	58817732	58817733	1
KDChr02	14468508	14468509	1
KDChr02	54100332	54100333	1
KDChr02	7915202	7915203	1
KDChr02	1299601	1299602	1
KDChr02	40337354	40337355	1
KDChr02	11841156	11841157	1
KDChr02	58636390	58636391	1
KDChr02	29566006	29566007	1
KDChr02	31737432	31737433	1
KDChr02	20820494	20820495	1
KDChr02	1140032	1140033	1
KDChr02	61888798	61888799	1
KDChr02	6812744	6812745	1
KDChr02	406235	406236	1
KDChr02	58787870	58787871	1
KDChr02	55178877	55178878	1
KDChr02	48942560	48942561	1
KDChr02	35771330	35771331	1
KDChr02	23841650	23841651	1
KDChr02	2409008	2409009	1
KDChr02	23552592	23552593	1
KDChr02	12217074	12217075	1
KDChr02	49441404	49441405	1
KDChr02	52964387	52964388	1
KDChr02	13062532	13062533	1
KDChr02	14510201	14510202	1
KDChr03	3263186	3263187	1
KDChr03	41716052	41716053	1
KDChr03	44240264	44240265	1
KDChr03	8034558	8034559	1
KDChr03	551935	551936	1
KDChr03	18890069	18890070	1
KDChr03	8200250	8200251	1
KDChr03	989689	989690	1
KDChr03	3412884	3412885	1
KDChr03	5686167	5686168	1
KDChr03	23914081	23914082	1
KDChr03	12782430	12782431	1
KDChr03	6437452	6437453	1
KDChr03	21706815	21706816	1
KDChr03	44790002	44790003	1
KDChr03	18590055	18590056	1
KDChr03	30247510	30247511	1
KDChr03	3617523	3617524	1
KDChr03	43855707	43855708	1
KDChr03	18216873	18216874	1
KDChr03	982448	982449	1
KDChr03	18238700	18238701	1
KDChr03	1436822	1436823	1
KDChr03	881606	881607	1
KDChr03	10024256	10024257	1
KDChr03	3644568	3644569	1
KDChr03	41259316	41259317	1
KDChr03	44851987	44851988	1
KDChr03	30809860	30809861	1
KDChr03	6521133	6521134	1
KDChr03	44280736	44280737	1
KDChr03	19846231	19846232	1
KDChr03	1623896	1623897	1
KDChr03	34361192	34361193	1
KDChr03	39590360	39590361	1
KDChr03	36463781	36463782	1
KDChr03	43440670	43440671	1
KDChr03	35642063	35642064	1
KDChr03	6732141	6732142	1
KDChr03	44022352	44022353	1
KDChr03	44664457	44664458	1
KDChr03	12470516	12470517	1
KDChr03	3329228	3329229	1
KDChr03	18213865	18213866	1
KDChr03	30725932	30725933	1
KDChr03	35760370	35760371	1
KDChr03	30861093	30861094	1
KDChr03	35927356	35927357	1
KDChr03	35471571	35471572	1
KDChr03	27729874	27729875	1
KDChr03	19606955	19606956	1
KDChr03	45712064	45712065	1
KDChr03	2217238	2217239	1
KDChr03	45085304	45085305	1
KDChr03	375545	375546	1
KDChr03	16366049	16366050	1
KDChr03	32974122	32974123	1
KDChr03	21084296	21084297	1
KDChr03	9426971	9426972	1
KDChr03	36616899	36616900	1
KDChr03	39514031	39514032	1
KDChr03	30730961	30730962	1
KDChr03	4374962	4374963	1
KDChr03	30911694	30911695	1
KDChr03	45242049	45242050	1
KDChr03	9468389	9468390	1
KDChr03	11428662	11428663	1
KDChr03	43016509	43016510	1
KDChr03	18346854	18346855	1
KDChr03	28884019	28884020	1
KDChr03	30446842	30446843	1
KDChr03	12165421	12165422	1
KDChr03	41129349	41129350	1
KDChr03	28128709	28128710	1
KDChr03	19958434	19958435	1
KDChr03	845126	845127	1
KDChr03	35728878	35728879	1
KDChr03	7141790	7141791	1
KDChr05	38937090	38937091	1
KDChr05	58483427	58483428	1
KDChr05	59154475	59154476	1
KDChr05	252551	252552	1
KDChr05	11217840	11217841	1
KDChr05	62272224	62272225	1
KDChr05	61543420	61543421	1
KDChr05	191499	191500	1
KDChr05	61572414	61572415	1
KDChr05	11825418	11825419	1
KDChr05	57825289	57825290	1
KDChr05	32166624	32166625	1
KDChr05	15045769	15045770	1
KDChr05	12326987	12326988	1
KDChr05	61614948	61614949	1
KDChr05	63916910	63916911	1
KDChr05	10528212	10528213	1
KDChr05	27728751	27728752	1
KDChr05	61893153	61893154	1
KDChr05	2237632	2237633	1
KDChr05	30448300	30448301	1
KDChr05	62398989	62398990	1
KDChr05	25048464	25048465	1
KDChr05	45803668	45803669	1
KDChr05	61752924	61752925	1
KDChr05	47855072	47855073	1
KDChr05	18695029	18695030	1
KDChr05	28266953	28266954	1
KDChr05	4042162	4042163	1
KDChr05	60593987	60593988	1
KDChr05	52792998	52792999	1
KDChr05	12551401	12551402	1
KDChr05	5301042	5301043	1
KDChr05	34807949	34807950	1
KDChr05	37341250	37341251	1
KDChr05	21470776	21470777	1
KDChr05	56939712	56939713	1
KDChr05	61249898	61249899	1
KDChr05	922956	922957	1
KDChr05	37120428	37120429	1
KDChr05	48546558	48546559	1
KDChr05	54629780	54629781	1
KDChr05	20306837	20306838	1
KDChr05	61278903	61278904	1
KDChr05	57283517	57283518	1
KDChr05	19334907	19334908	1
KDChr05	1047789	1047790	1
KDChr05	37216663	37216664	1
KDChr05	63644229	63644230	1
KDChr05	15757969	15757970	1
KDChr05	7247592	7247593	1
KDChr05	45547487	45547488	1
KDChr05	40454925	40454926	1
KDChr05	36502439	36502440	1
KDChr05	36157301	36157302	1
KDChr05	31430167	31430168	1
KDChr05	17823368	17823369	1
KDChr05	9178335	9178336	1
KDChr05	38939884	38939885	1
KDChr05	8205267	8205268	1
KDChr05	57237974	57237975	1
KDChr05	35859540	35859541	1
KDChr05	60630954	60630955	1
KDChr05	257700	257701	1
KDChr05	166611	166612	1
KDChr05	1588648	1588649	1
KDChr05	19537460	19537461	1
KDChr05	63551339	63551340	1
KDChr05	15339902	15339903	1
KDChr05	4441842	4441843	1
KDChr05	51886127	51886128	1
KDChr05	8683487	8683488	1
KDChr05	42559606	42559607	1
KDChr05	3315290	3315291	1
KDChr05	22085091	22085092	1
KDChr05	63945057	63945058	1
KDChr05	16177774	16177775	1
KDChr05	11187397	11187398	1
KDChr05	61721999	61722000	1
KDChr05	28066064	28066065	1
KDChr05	3362822	3362823	1
KDChr05	57455398	57455399	1
KDChr05	51517091	51517092	1
KDChr05	61336634	61336635	1
KDChr05	7702003	7702004	1
KDChr05	56476339	56476340	1
KDChr05	56020971	56020972	1
KDChr05	56913271	56913272	1
KDChr05	6363710	6363711	1
KDChr05	62008254	62008255	1
KDChr05	1001569	1001570	1
KDChr05	52960617	52960618	1
KDChr05	50219141	50219142	1
KDChr05	3945557	3945558	1
KDChr05	51836853	51836854	1
KDChr05	10531440	10531441	1
KDChr05	63120332	63120333	1
KDChr05	38607518	38607519	1
KDChr05	34301439	34301440	1
KDChr05	25716120	25716121	1
KDChr05	3885693	3885694	1
KDChr05	12974143	12974144	1
KDChr05	59162410	59162411	1
KDChr05	1187754	1187755	1
KDChr05	11904793	11904794	1
KDChr05	31963580	31963581	1
KDChr05	61073818	61073819	1
KDChr05	40824999	40825000	1
KDChr05	39030475	39030476	1
KDChr05	1903657	1903658	1
KDChr05	28391216	28391217	1
KDChr05	61802818	61802819	1
KDChr05	45129942	45129943	1
KDChr05	5171768	5171769	1
KDChr05	20867294	20867295	1
KDChr05	61384763	61384764	1
KDChr05	63703318	63703319	1
KDChr05	40586103	40586104	1
KDChr11	62565926	62565927	1
KDChr11	7648876	7648877	1
KDChr11	21514434	21514435	1
KDChr11	45798620	45798621	1
KDChr11	1090931	1090932	1
KDChr11	49629210	49629211	1
KDChr11	13745470	13745471	1
KDChr11	653927	653928	1
KDChr11	2393204	2393205	1
KDChr11	12134879	12134880	1
KDChr11	3060530	3060531	1
KDChr11	10109305	10109306	1
KDChr11	45021127	45021128	1
KDChr11	3180371	3180372	1
KDChr11	8322655	8322656	1
KDChr11	43126477	43126478	1
KDChr11	26002356	26002357	1
KDChr11	51489188	51489189	1
KDChr11	8181028	8181029	1
KDChr11	1566752	1566753	1
KDChr11	27103428	27103429	1
KDChr11	34141965	34141966	1
KDChr11	48753732	48753733	1
KDChr11	23110302	23110303	1
KDChr11	890064	890065	1
KDChr11	11391200	11391201	1
KDChr11	2921737	2921738	1
KDChr11	3319613	3319614	1
KDChr11	4356817	4356818	1
KDChr11	1992703	1992704	1
KDChr11	2367139	2367140	1
KDChr11	7908750	7908751	1
KDChr11	1348297	1348298	1
KDChr11	20000413	20000414	1
KDChr11	25592211	25592212	1
KDChr11	5383519	5383520	1
KDChr11	42009304	42009305	1
KDChr11	8056508	8056509	1
KDChr11	57271357	57271358	1
KDChr11	6945438	6945439	1
KDChr11	10314099	10314100	1
KDChr11	27992345	27992346	1
KDChr11	11401160	11401161	1
KDChr11	50005818	50005819	1
KDChr11	44676197	44676198	1
KDChr11	23537200	23537201	1
KDChr11	23699343	23699344	1
KDChr11	1202489	1202490	1
KDChr11	4242275	4242276	1
KDChr11	7799970	7799971	1
KDChr11	37466729	37466730	1
KDChr11	1876880	1876881	1
KDChr11	24509406	24509407	1
KDChr11	4581107	4581108	1
KDChr11	569883	569884	1
KDChr11	12176508	12176509	1
KDChr11	8466150	8466151	1
KDChr11	11657672	11657673	1
KDChr11	22454708	22454709	1
KDChr11	4616176	4616177	1
KDChr11	10708815	10708816	1
KDChr11	2023679	2023680	1
KDChr11	45758896	45758897	1
KDChr11	54304174	54304175	1
KDChr11	360011	360012	1
KDChr11	17396653	17396654	1
KDChr11	48142490	48142491	1
KDChr11	20326383	20326384	1
KDChr11	22398184	22398185	1
KDChr11	159263	159264	1
KDChr11	4190847	4190848	1
KDChr11	3242852	3242853	1
KDChr11	26092272	26092273	1
KDChr11	26184254	26184255	1
KDChr11	33641595	33641596	1
KDChr11	1796242	1796243	1
KDChr11	9655482	9655483	1
KDChr11	44535161	44535162	1
KDChr11	54221430	54221431	1
KDChr11	61739834	61739835	1
KDChr11	49225327	49225328	1
KDChr11	56730807	56730808	1
KDChr11	52324494	52324495	1
KDChr11	12283423	12283424	1
KDChr11	39388372	39388373	1
KDChr11	60071658	60071659	1
KDChr11	8824913	8824914	1
KDChr11	61659891	61659892	1
KDChr11	56711013	56711014	1
KDChr11	12344703	12344704	1
KDChr11	55103541	55103542	1
KDChr11	3820344	3820345	1
KDChr11	18294280	18294281	1
KDChr11	16866066	16866067	1
KDChr11	44267366	44267367	1
KDChr11	22639250	22639251	1
KDChr11	52112276	52112277	1
KDChr11	1756158	1756159	1
KDChr11	47252477	47252478	1
KDChr11	7771376	7771377	1
KDChr11	30040318	30040319	1
KDChr11	12034511	12034512	1
KDChr11	12249227	12249228	1
KDChr11	707117	707118	1
KDChr11	18898489	18898490	1
KDChr11	55184918	55184919	1
KDChr08	56274842	56274843	1
KDChr08	1334778	1334779	1
KDChr08	54736914	54736915	1
KDChr08	50544836	50544837	1
KDChr08	50272912	50272913	1
KDChr08	47121479	47121480	1
KDChr08	4940468	4940469	1
KDChr08	48357347	48357348	1
KDChr08	1688042	1688043	1
KDChr08	44610153	44610154	1
KDChr08	56916146	56916147	1
KDChr08	5701767	5701768	1
KDChr08	34839744	34839745	1
KDChr08	53800930	53800931	1
KDChr08	35372232	35372233	1
KDChr08	52883173	52883174	1
KDChr08	13245571	13245572	1
KDChr08	56750059	56750060	1
KDChr08	51956571	51956572	1
KDChr08	40185519	40185520	1
KDChr08	5698994	5698995	1
KDChr08	53803712	53803713	1
KDChr08	56160886	56160887	1
KDChr08	7833363	7833364	1
KDChr08	230753	230754	1
KDChr08	40235504	40235505	1
KDChr08	55826734	55826735	1
KDChr08	42310517	42310518	1
KDChr08	1825765	1825766	1
KDChr08	4145224	4145225	1
KDChr08	47993497	47993498	1
KDChr08	23345069	23345070	1
KDChr08	52361639	52361640	1
KDChr08	10093892	10093893	1
KDChr08	44664815	44664816	1
KDChr08	13940073	13940074	1
KDChr08	50216233	50216234	1
KDChr08	2251048	2251049	1
KDChr08	23324249	23324250	1
KDChr08	43027379	43027380	1
KDChr08	14440569	14440570	1
KDChr08	45092020	45092021	1
KDChr08	54859515	54859516	1
KDChr08	38491186	38491187	1
KDChr08	6388141	6388142	1
KDChr08	32907955	32907956	1
KDChr08	15488521	15488522	1
KDChr08	45200972	45200973	1
KDChr08	40527973	40527974	1
KDChr08	1322261	1322262	1
KDChr08	51165804	51165805	1
KDChr08	34752233	34752234	1
KDChr08	45683229	45683230	1
KDChr08	40001039	40001040	1
KDChr08	54455166	54455167	1
KDChr08	55757268	55757269	1
KDChr08	39763722	39763723	1
KDChr08	14167403	14167404	1
KDChr08	2336151	2336152	1
KDChr08	39419156	39419157	1
KDChr08	50139356	50139357	1
KDChr08	30123643	30123644	1
KDChr08	54679758	54679759	1
KDChr08	45299318	45299319	1
KDChr08	53931793	53931794	1
KDChr08	48222641	48222642	1
KDChr08	43918274	43918275	1
KDChr08	53767422	53767423	1
KDChr08	52324115	52324116	1
KDChr08	36336511	36336512	1
KDChr08	52127144	52127145	1
KDChr08	57072295	57072296	1
KDChr08	12578947	12578948	1
KDChr08	3471646	3471647	1
KDChr08	6293574	6293575	1
KDChr08	3218788	3218789	1
KDChr08	20146803	20146804	1
KDChr08	54686468	54686469	1
KDChr08	45053023	45053024	1
KDChr08	55597319	55597320	1
KDChr08	54320605	54320606	1
KDChr08	1706392	1706393	1
KDChr08	50510003	50510004	1
KDChr08	14390715	14390716	1
KDChr08	44533760	44533761	1
KDChr08	53945008	53945009	1
KDChr08	55807160	55807161	1
KDChr08	55171857	55171858	1
KDChr08	14395104	14395105	1
KDChr08	10314512	10314513	1
KDChr08	20565114	20565115	1
KDChr08	48102618	48102619	1
KDChr08	49538581	49538582	1
KDChr08	28495509	28495510	1
KDChr08	43692011	43692012	1
KDChr08	35564504	35564505	1
KDChr08	10919263	10919264	1
KDChr08	38109937	38109938	1
KDChr08	15569424	15569425	1
KDChr08	53414930	53414931	1
KDChr08	51928294	51928295	1
KDChr08	47391065	47391066	1
KDChr08	42340235	42340236	1
KDChr08	45099014	45099015	1
KDChr08	26499176	26499177	1
KDChr08	30292930	30292931	1
KDChr08	48131510	48131511	1
KDChr08	2412730	2412731	1
KDChr08	29188152	29188153	1
KDChr08	37935707	37935708	1
KDChr08	49492777	49492778	1
KDChr08	47248925	47248926	1
KDChr08	41675760	41675761	1
KDChr01	7713223	7713224	1
KDChr01	40642349	40642350	1
KDChr01	52503481	52503482	1
KDChr01	17772914	17772915	1
KDChr01	54208371	54208372	1
KDChr01	8416894	8416895	1
KDChr01	12751032	12751033	1
KDChr01	19643333	19643334	1
KDChr01	47249664	47249665	1
KDChr01	47366933	47366934	1
KDChr01	2150896	2150897	1
KDChr01	11951609	11951610	1
KDChr01	14440466	14440467	1
KDChr01	29557799	29557800	1
KDChr01	996605	996606	1
KDChr01	32239585	32239586	1
KDChr01	3290149	3290150	1
KDChr01	7060076	7060077	1
KDChr01	52248101	52248102	1
KDChr01	20319279	20319280	1
KDChr01	4395317	4395318	1
KDChr01	784949	784950	1
KDChr01	14855708	14855709	1
KDChr01	445233	445234	1
KDChr01	6155998	6155999	1
KDChr01	20598689	20598690	1
KDChr01	47364216	47364217	1
KDChr01	29835397	29835398	1
KDChr01	30023862	30023863	1
KDChr01	51728401	51728402	1
KDChr01	14290720	14290721	1
KDChr01	46883634	46883635	1
KDChr01	17934003	17934004	1
KDChr01	54796046	54796047	1
KDChr01	472322	472323	1
KDChr01	2640993	2640994	1
KDChr01	20275275	20275276	1
KDChr01	7051764	7051765	1
KDChr01	21544304	21544305	1
KDChr01	2736080	2736081	1
KDChr01	29940057	29940058	1
KDChr01	16349007	16349008	1
KDChr01	535252	535253	1
KDChr01	35742401	35742402	1
KDChr01	6918147	6918148	1
KDChr01	5192784	5192785	1
KDChr01	44002685	44002686	1
KDChr01	14583219	14583220	1
KDChr01	33943927	33943928	1
KDChr01	1792385	1792386	1
KDChr01	32455288	32455289	1
KDChr01	5871693	5871694	1
KDChr01	4135851	4135852	1
KDChr01	54489480	54489481	1
KDChr01	46523832	46523833	1
KDChr01	1521987	1521988	1
KDChr01	41520602	41520603	1
KDChr01	7302320	7302321	1
KDChr01	16474733	16474734	1
KDChr01	4548061	4548062	1
KDChr01	47203031	47203032	1
KDChr01	20485189	20485190	1
KDChr01	10320174	10320175	1
KDChr01	1191746	1191747	1
KDChr01	18058151	18058152	1
KDChr01	2221310	2221311	1
KDChr01	16297436	16297437	1
KDChr01	7352238	7352239	1
KDChr01	4465714	4465715	1
KDChr01	15743251	15743252	1
KDChr01	8703248	8703249	1
KDChr01	35130479	35130480	1
KDChr01	780730	780731	1
KDChr01	13543495	13543496	1
KDChr01	5146949	5146950	1
KDChr01	13919504	13919505	1
KDChr01	22287723	22287724	1
KDChr01	2649610	2649611	1
KDChr01	55433094	55433095	1
KDChr01	27671027	27671028	1
KDChr01	347396	347397	1
KDChr01	12788141	12788142	1
KDChr01	5043060	5043061	1
KDChr01	39224453	39224454	1
KDChr01	9141632	9141633	1
KDChr01	29597195	29597196	1
KDChr01	10531738	10531739	1
KDChr01	4967648	4967649	1
KDChr01	18322393	18322394	1
KDChr01	19213176	19213177	1
KDChr01	10276855	10276856	1
KDChr01	1922947	1922948	1
KDChr01	46327314	46327315	1
KDChr01	3766875	3766876	1
KDChr01	7032773	7032774	1
KDChr01	35576809	35576810	1
KDChr01	3676944	3676945	1
KDChr01	46875661	46875662	1
KDChr01	25195260	25195261	1
KDChr01	1099309	1099310	1
KDChr01	335359	335360	1
KDChr01	10366817	10366818	1
KDChr01	5359508	5359509	1
KDChr01	9135424	9135425	1
KDChr01	9815474	9815475	1
KDChr01	13251112	13251113	1
KDChr01	6768937	6768938	1
KDChr01	19083859	19083860	1
KDChr01	329610	329611	1
KDChr01	35516204	35516205	1
KDChr01	3990340	3990341	1
KDChr01	48276388	48276389	1
KDChr01	21201618	21201619	1
KDChr01	39634842	39634843	1
KDChr01	5162626	5162627	1
KDChr01	55145512	55145513	1
KDChr01	23368954	23368955	1
KDChr01	29605719	29605720	1
KDChr01	43296765	43296766	1
KDChr12	13520593	13520594	1
KDChr12	5539761	5539762	1
KDChr12	12690422	12690423	1
KDChr12	1613051	1613052	1
KDChr12	3582612	3582613	1
KDChr12	30883635	30883636	1
KDChr12	34055305	34055306	1
KDChr12	460572	460573	1
KDChr12	8087688	8087689	1
KDChr12	3532982	3532983	1
KDChr12	27567706	27567707	1
KDChr12	12465411	12465412	1
KDChr12	246779	246780	1
KDChr12	30858501	30858502	1
KDChr12	1458927	1458928	1
KDChr12	32535384	32535385	1
KDChr12	24460204	24460205	1
KDChr12	35041093	35041094	1
KDChr12	6449614	6449615	1
KDChr12	9002675	9002676	1
KDChr12	34672246	34672247	1
KDChr12	6458232	6458233	1
KDChr12	7330030	7330031	1
KDChr12	9258586	9258587	1
KDChr12	2830125	2830126	1
KDChr12	31041719	31041720	1
KDChr12	33345008	33345009	1
KDChr12	185805	185806	1
KDChr12	32277851	32277852	1
KDChr12	13454457	13454458	1
KDChr12	32174548	32174549	1
KDChr12	16588906	16588907	1
KDChr12	100269	100270	1
KDChr12	35065935	35065936	1
KDChr12	1521142	1521143	1
KDChr12	26246811	26246812	1
KDChr12	2417880	2417881	1
KDChr12	12531799	12531800	1
KDChr12	10154376	10154377	1
KDChr12	1705601	1705602	1
KDChr12	8826752	8826753	1
KDChr12	7571835	7571836	1
KDChr12	12954254	12954255	1
KDChr12	34341213	34341214	1
KDChr12	27704352	27704353	1
KDChr12	34361838	34361839	1
KDChr12	1235855	1235856	1
KDChr12	80627	80628	1
KDChr12	1673065	1673066	1
KDChr12	33702111	33702112	1
KDChr12	28872215	28872216	1
KDChr12	5577153	5577154	1
KDChr12	9552704	9552705	1
KDChr12	16950128	16950129	1
KDChr12	23686974	23686975	1
KDChr12	208228	208229	1
KDChr12	25721094	25721095	1
KDChr12	9575196	9575197	1
KDChr12	34089271	34089272	1
KDChr12	35155115	35155116	1
KDChr12	1287748	1287749	1
KDChr12	16470618	16470619	1
KDChr12	34539058	34539059	1
KDChr12	11908043	11908044	1
KDChr12	9347746	9347747	1
KDChr12	2408024	2408025	1
KDChr12	31094583	31094584	1
KDChr12	725472	725473	1
KDChr12	27226002	27226003	1
KDChr12	4964229	4964230	1
KDChr12	5737963	5737964	1
KDChr12	3106090	3106091	1
KDChr06	45520303	45520304	1
KDChr06	47540890	47540891	1
KDChr06	50913123	50913124	1
KDChr06	36925795	36925796	1
KDChr06	7362692	7362693	1
KDChr06	44299605	44299606	1
KDChr06	45844366	45844367	1
KDChr06	50789443	50789444	1
KDChr06	8233360	8233361	1
KDChr06	36691563	36691564	1
KDChr06	40387974	40387975	1
KDChr06	6826403	6826404	1
KDChr06	47842078	47842079	1
KDChr06	34294035	34294036	1
KDChr06	10799489	10799490	1
KDChr06	48812809	48812810	1
KDChr06	41292661	41292662	1
KDChr06	43695117	43695118	1
KDChr06	30697602	30697603	1
KDChr06	49566469	49566470	1
KDChr06	45333140	45333141	1
KDChr06	38916520	38916521	1
KDChr06	35021481	35021482	1
KDChr06	44510202	44510203	1
KDChr06	2791346	2791347	1
KDChr06	50090065	50090066	1
KDChr06	30075644	30075645	1
KDChr06	442206	442207	1
KDChr06	20806905	20806906	1
KDChr06	39816974	39816975	1
KDChr06	48447346	48447347	1
KDChr06	50601341	50601342	1
KDChr06	32137077	32137078	1
KDChr06	38488063	38488064	1
KDChr06	33957506	33957507	1
KDChr06	45686924	45686925	1
KDChr06	49136370	49136371	1
KDChr06	36255558	36255559	1
KDChr06	42441702	42441703	1
KDChr06	30424535	30424536	1
KDChr06	42272401	42272402	1
KDChr06	47704808	47704809	1
KDChr06	12551442	12551443	1
KDChr06	46165895	46165896	1
KDChr06	31629173	31629174	1
KDChr06	39012571	39012572	1
KDChr06	50333947	50333948	1
KDChr06	44205820	44205821	1
KDChr06	32085087	32085088	1
KDChr06	5985397	5985398	1
KDChr06	42517277	42517278	1
KDChr06	50662561	50662562	1
KDChr06	6970702	6970703	1
KDChr06	48596734	48596735	1
KDChr06	47477995	47477996	1
KDChr06	44954630	44954631	1
KDChr06	2123428	2123429	1
KDChr06	38706616	38706617	1
KDChr06	43246025	43246026	1
KDChr06	45120046	45120047	1
KDChr06	45053968	45053969	1
KDChr06	21694285	21694286	1
KDChr06	37456590	37456591	1
KDChr06	34862674	34862675	1
KDChr06	45583027	45583028	1
KDChr06	46542847	46542848	1
KDChr06	47158838	47158839	1
KDChr06	13513199	13513200	1
KDChr06	46714029	46714030	1
KDChr06	31190160	31190161	1
KDChr06	48193585	48193586	1
KDChr06	37823804	37823805	1
KDChr06	2307996	2307997	1
KDChr06	32664214	32664215	1
KDChr06	32053147	32053148	1
KDChr06	45420155	45420156	1
KDChr06	45709569	45709570	1
KDChr06	37683733	37683734	1
KDChr06	50545618	50545619	1
KDChr06	43441740	43441741	1
KDChr06	48415675	48415676	1
KDChr06	50984063	50984064	1
KDChr06	41645375	41645376	1
KDChr06	50407666	50407667	1
KDChr06	50929904	50929905	1
KDChr06	49942702	49942703	1
KDChr06	13538375	13538376	1
KDChr06	28392144	28392145	1
KDChr06	39015637	39015638	1
KDChr06	39947458	39947459	1
KDChr06	10579320	10579321	1
KDChr06	37626142	37626143	1
KDChr06	50895319	50895320	1
KDChr06	10089620	10089621	1
KDChr06	32337360	32337361	1
KDChr06	43799736	43799737	1
KDChr06	36160188	36160189	1
KDChr06	43289478	43289479	1
KDChr06	39223809	39223810	1
KDChr06	50893568	50893569	1
KDChr06	33553395	33553396	1
KDChr06	32287750	32287751	1
KDChr06	43923814	43923815	1
KDChr06	42889793	42889794	1
KDChr06	48805267	48805268	1
KDChr06	40994774	40994775	1
KDChr06	48973147	48973148	1
KDChr06	29755045	29755046	1
KDChr06	1247243	1247244	1
KDChr06	49721526	49721527	1
KDChr06	47070224	47070225	1
KDChr06	38743144	38743145	1
KDChr06	44713328	44713329	1
KDChr06	23027183	23027184	1
KDChr06	39229488	39229489	1
KDChr06	2008619	2008620	1
KDChr06	35674561	35674562	1
KDChr06	30116243	30116244	1
KDChr06	47077146	47077147	1
KDChr06	36986392	36986393	1
KDChr06	31901511	31901512	1
