KDChr02	4709776	4709777	1
KDChr04	5180924	5180925	1
KDChr10	6217373	6217374	1
KDChr02	9474737	9474738	1
KDChr10	787423	787424	1
KDChr10	10370578	10370579	1
KDChr10	35057473	35057474	1
KDChr10	1808159	1808160	1
KDChr09	24863484	24863485	1
KDChr04	41728455	41728456	1
KDChr04	22287949	22287950	1
KDChr07	28124787	28124788	1
KDChr07	48929582	48929583	1
KDChr13	44149790	44149791	1
KDChr13	14693990	14693991	1
KDChr13	54010260	54010261	1
KDChr02	41920019	41920020	1
KDChr02	59024798	59024799	1
KDChr03	24645207	24645208	1
KDChr05	62477067	62477068	1
KDChr05	31721282	31721283	1
KDChr05	59654146	59654147	1
KDChr11	42328390	42328391	1
KDChr08	36011144	36011145	1
KDChr08	46105240	46105241	1
KDChr08	49505530	49505531	1
KDChr08	53898471	53898472	1
KDChr08	53895407	53895408	1
KDChr01	53714503	53714504	1
KDChr10	8978629	8978630	1
KDChr10	16325483	16325484	1
KDChr10	16431786	16431787	1
KDChr10	16475248	16475249	1
KDChr10	13885402	13885403	1
KDChr10	58984222	58984223	1
KDChr10	23429978	23429979	1
KDChr10	13841674	13841675	1
KDChr09	8471613	8471614	1
KDChr09	52198755	52198756	1
KDChr09	49629704	49629705	1
KDChr09	8188742	8188743	1
KDChr09	3220138	3220139	1
KDChr09	11313304	11313305	1
KDChr09	70528759	70528760	1
KDChr09	65247398	65247399	1
KDChr09	812132	812133	1
KDChr09	26210191	26210192	1
KDChr09	10414410	10414411	1
KDChr09	2258677	2258678	1
KDChr09	777948	777949	1
KDChr04	58449229	58449230	1
KDChr04	30241015	30241016	1
KDChr04	57807034	57807035	1
KDChr04	60556537	60556538	1
KDChr04	57804482	57804483	1
KDChr04	7124044	7124045	1
KDChr04	14106539	14106540	1
KDChr04	22299904	22299905	1
KDChr07	52413265	52413266	1
KDChr07	50981600	50981601	1
KDChr07	55992033	55992034	1
KDChr07	56130101	56130102	1
KDChr07	5402782	5402783	1
KDChr07	12178653	12178654	1
KDChr07	36552366	36552367	1
KDChr07	50986519	50986520	1
KDChr07	29575769	29575770	1
KDChr07	45011315	45011316	1
KDChr07	49501977	49501978	1
KDChr07	5417394	5417395	1
KDChr07	59420690	59420691	1
KDChr07	49442110	49442111	1
KDChr07	5800905	5800906	1
KDChr07	48266400	48266401	1
KDChr07	51596518	51596519	1
KDChr07	44984515	44984516	1
KDChr07	57464757	57464758	1
KDChr07	49006115	49006116	1
KDChr07	53223644	53223645	1
KDChr07	58363261	58363262	1
KDChr07	49531469	49531470	1
KDChr07	12374489	12374490	1
KDChr13	58112408	58112409	1
KDChr13	48823788	48823789	1
KDChr13	43842466	43842467	1
KDChr13	22382752	22382753	1
KDChr02	4778452	4778453	1
KDChr02	8090528	8090529	1
KDChr02	2111547	2111548	1
KDChr02	62160633	62160634	1
KDChr02	4781791	4781792	1
KDChr02	2370850	2370851	1
KDChr02	61364117	61364118	1
KDChr02	2311872	2311873	1
KDChr02	7675996	7675997	1
KDChr02	62152572	62152573	1
KDChr02	2121469	2121470	1
KDChr02	19952607	19952608	1
KDChr02	62156544	62156545	1
KDChr02	40163863	40163864	1
KDChr02	61693410	61693411	1
KDChr02	3662042	3662043	1
KDChr02	61818559	61818560	1
KDChr02	60017950	60017951	1
KDChr02	62433769	62433770	1
KDChr02	4750868	4750869	1
KDChr02	61808114	61808115	1
KDChr03	42060845	42060846	1
KDChr03	7324780	7324781	1
KDChr03	18900797	18900798	1
KDChr03	2409492	2409493	1
KDChr03	37851629	37851630	1
KDChr03	42076081	42076082	1
KDChr03	372534	372535	1
KDChr03	26054545	26054546	1
KDChr03	26028227	26028228	1
KDChr03	2403318	2403319	1
KDChr03	395025	395026	1
KDChr03	33744086	33744087	1
KDChr03	20353356	20353357	1
KDChr03	11492071	11492072	1
KDChr03	34612624	34612625	1
KDChr03	42922952	42922953	1
KDChr03	44909996	44909997	1
KDChr05	62829287	62829288	1
KDChr05	60920409	60920410	1
KDChr05	42120960	42120961	1
KDChr05	8051943	8051944	1
KDChr05	2367868	2367869	1
KDChr05	6349498	6349499	1
KDChr05	58616361	58616362	1
KDChr05	11019963	11019964	1
KDChr05	63692089	63692090	1
KDChr05	58565135	58565136	1
KDChr05	62060615	62060616	1
KDChr11	3083595	3083596	1
KDChr11	12857730	12857731	1
KDChr11	44297756	44297757	1
KDChr11	17033047	17033048	1
KDChr11	46949022	46949023	1
KDChr11	22382371	22382372	1
KDChr11	44300928	44300929	1
KDChr11	19105018	19105019	1
KDChr11	39346542	39346543	1
KDChr11	17043864	17043865	1
KDChr11	42188891	42188892	1
KDChr11	17040974	17040975	1
KDChr11	43947545	43947546	1
KDChr11	25842889	25842890	1
KDChr11	12013020	12013021	1
KDChr11	53130764	53130765	1
KDChr11	25847582	25847583	1
KDChr08	34347618	34347619	1
KDChr08	21118329	21118330	1
KDChr08	17218842	17218843	1
KDChr08	12722060	12722061	1
KDChr08	18269651	18269652	1
KDChr08	19189179	19189180	1
KDChr08	17820886	17820887	1
KDChr01	6759040	6759041	1
KDChr01	48468117	48468118	1
KDChr01	24591641	24591642	1
KDChr01	33461411	33461412	1
KDChr01	19382881	19382882	1
KDChr12	3419122	3419123	1
KDChr12	3409079	3409080	1
KDChr12	1623618	1623619	1
KDChr12	32650746	32650747	1
KDChr12	24527261	24527262	1
KDChr06	45974341	45974342	1
KDChr06	46010631	46010632	1
KDChr06	49110995	49110996	1
KDChr06	50820425	50820426	1
KDChr06	49231216	49231217	1
KDChr06	50815140	50815141	1
KDChr06	4468848	4468849	1
KDChr06	44337136	44337137	1
KDChr06	45241522	45241523	1
KDChr06	49953771	49953772	1
KDChr06	50804923	50804924	1
KDChr06	44340233	44340234	1
KDChr06	48922068	48922069	1
KDChr06	49041450	49041451	1
KDChr06	49047665	49047666	1
KDChr06	49077721	49077722	1
KDChr06	45981415	45981416	1
KDChr06	49068840	49068841	1
KDChr06	45212791	45212792	1
KDChr06	49039362	49039363	1
KDChr06	49960317	49960318	1
KDChr06	46759693	46759694	1
KDChr06	49115843	49115844	1
KDChr06	44363048	44363049	1
KDChr06	28991772	28991773	1
KDChr06	48912655	48912656	1
KDChr10	61841586	61841587	1
KDChr10	51618504	51618505	1
KDChr10	5698877	5698878	1
KDChr10	5659886	5659887	1
KDChr10	3351544	3351545	1
KDChr10	36273181	36273182	1
KDChr10	3603362	3603363	1
KDChr10	29661453	29661454	1
KDChr10	38452439	38452440	1
KDChr10	8952466	8952467	1
KDChr10	26981828	26981829	1
KDChr10	5602396	5602397	1
KDChr10	51248609	51248610	1
KDChr10	21849898	21849899	1
KDChr09	69050172	69050173	1
KDChr09	29264987	29264988	1
KDChr09	15936391	15936392	1
KDChr09	9411085	9411086	1
KDChr09	20820874	20820875	1
KDChr09	66472948	66472949	1
KDChr09	30300314	30300315	1
KDChr09	5692388	5692389	1
KDChr09	9964994	9964995	1
KDChr09	62410255	62410256	1
KDChr09	67428849	67428850	1
KDChr09	10091765	10091766	1
KDChr09	48328710	48328711	1
KDChr09	8726920	8726921	1
KDChr09	12834688	12834689	1
KDChr09	302483	302484	1
KDChr09	2273770	2273771	1
KDChr09	4179851	4179852	1
KDChr09	28417511	28417512	1
KDChr09	66374326	66374327	1
KDChr09	30570162	30570163	1
KDChr09	49329434	49329435	1
KDChr09	70290988	70290989	1
KDChr09	8952385	8952386	1
KDChr09	33055004	33055005	1
KDChr04	1488791	1488792	1
KDChr04	48340563	48340564	1
KDChr04	58022943	58022944	1
KDChr04	12778422	12778423	1
KDChr04	57620030	57620031	1
KDChr04	54116811	54116812	1
KDChr04	14115233	14115234	1
KDChr04	62042196	62042197	1
KDChr04	48942156	48942157	1
KDChr04	53571644	53571645	1
KDChr04	29275626	29275627	1
KDChr04	4096766	4096767	1
KDChr04	5349225	5349226	1
KDChr04	53047466	53047467	1
KDChr04	60066986	60066987	1
KDChr04	3636521	3636522	1
KDChr07	19556354	19556355	1
KDChr07	1755609	1755610	1
KDChr07	7519239	7519240	1
KDChr07	26642003	26642004	1
KDChr07	51182237	51182238	1
KDChr07	29958850	29958851	1
KDChr07	2596571	2596572	1
KDChr07	50638751	50638752	1
KDChr07	51639888	51639889	1
KDChr07	4813176	4813177	1
KDChr07	20517852	20517853	1
KDChr07	51636593	51636594	1
KDChr07	35109527	35109528	1
KDChr07	12268579	12268580	1
KDChr07	15877839	15877840	1
KDChr07	50737041	50737042	1
KDChr07	16599473	16599474	1
KDChr07	6517232	6517233	1
KDChr07	31534083	31534084	1
KDChr07	3168697	3168698	1
KDChr07	49603045	49603046	1
KDChr07	22079416	22079417	1
KDChr07	39365266	39365267	1
KDChr07	4183819	4183820	1
KDChr07	19709671	19709672	1
KDChr07	60299018	60299019	1
KDChr13	57999150	57999151	1
KDChr13	41147659	41147660	1
KDChr13	893383	893384	1
KDChr13	49468325	49468326	1
KDChr13	58211089	58211090	1
KDChr13	9786610	9786611	1
KDChr13	15603804	15603805	1
KDChr13	39457156	39457157	1
KDChr02	58929209	58929210	1
KDChr02	10760530	10760531	1
KDChr02	230043	230044	1
KDChr02	2468800	2468801	1
KDChr02	3237151	3237152	1
KDChr02	17142331	17142332	1
KDChr02	59400084	59400085	1
KDChr02	59494566	59494567	1
KDChr02	3609192	3609193	1
KDChr02	62051789	62051790	1
KDChr02	48153195	48153196	1
KDChr02	7221685	7221686	1
KDChr02	3113224	3113225	1
KDChr02	53962777	53962778	1
KDChr02	58985418	58985419	1
KDChr02	4057042	4057043	1
KDChr02	20067927	20067928	1
KDChr02	4762811	4762812	1
KDChr02	62058569	62058570	1
KDChr02	62146674	62146675	1
KDChr03	7766586	7766587	1
KDChr03	39640172	39640173	1
KDChr03	5705743	5705744	1
KDChr03	13575751	13575752	1
KDChr03	37582816	37582817	1
KDChr03	31754705	31754706	1
KDChr03	13218067	13218068	1
KDChr03	20633779	20633780	1
KDChr05	63854328	63854329	1
KDChr05	62577160	62577161	1
KDChr05	61593260	61593261	1
KDChr05	61607389	61607390	1
KDChr05	40836656	40836657	1
KDChr05	38916001	38916002	1
KDChr05	32891298	32891299	1
KDChr05	43796140	43796141	1
KDChr05	2913607	2913608	1
KDChr05	22714764	22714765	1
KDChr05	51529	51530	1
KDChr05	63865503	63865504	1
KDChr05	3346853	3346854	1
KDChr05	12134696	12134697	1
KDChr05	62421675	62421676	1
KDChr05	61546433	61546434	1
KDChr05	867613	867614	1
KDChr11	53770642	53770643	1
KDChr11	12956927	12956928	1
KDChr11	2483877	2483878	1
KDChr11	39637219	39637220	1
KDChr11	855097	855098	1
KDChr11	646346	646347	1
KDChr11	42725704	42725705	1
KDChr11	3837362	3837363	1
KDChr11	1248588	1248589	1
KDChr11	24774009	24774010	1
KDChr11	31488167	31488168	1
KDChr11	54141129	54141130	1
KDChr11	31290616	31290617	1
KDChr08	4071300	4071301	1
KDChr08	15211573	15211574	1
KDChr08	52660740	52660741	1
KDChr08	48832924	48832925	1
KDChr08	50025309	50025310	1
KDChr08	52690962	52690963	1
KDChr08	11728566	11728567	1
KDChr08	5705950	5705951	1
KDChr08	50027235	50027236	1
KDChr08	54842950	54842951	1
KDChr08	39904721	39904722	1
KDChr08	39896357	39896358	1
KDChr08	56063249	56063250	1
KDChr08	4552466	4552467	1
KDChr08	54312995	54312996	1
KDChr08	4588622	4588623	1
KDChr08	52646235	52646236	1
KDChr08	45391618	45391619	1
KDChr01	8943299	8943300	1
KDChr01	15522511	15522512	1
KDChr01	48626076	48626077	1
KDChr01	1368038	1368039	1
KDChr01	8179279	8179280	1
KDChr01	23278172	23278173	1
KDChr01	30126152	30126153	1
KDChr01	24329691	24329692	1
KDChr01	3719187	3719188	1
KDChr01	8431963	8431964	1
KDChr01	39568945	39568946	1
KDChr12	32071292	32071293	1
KDChr12	29274487	29274488	1
KDChr12	26558901	26558902	1
KDChr12	9594929	9594930	1
KDChr12	5495755	5495756	1
KDChr12	30042006	30042007	1
KDChr12	23314855	23314856	1
KDChr12	32384810	32384811	1
KDChr12	34999315	34999316	1
KDChr06	2218875	2218876	1
KDChr06	23073177	23073178	1
KDChr06	10564185	10564186	1
KDChr06	40626111	40626112	1
KDChr06	45832361	45832362	1
KDChr06	16391256	16391257	1
KDChr06	21691281	21691282	1
KDChr06	45044111	45044112	1
KDChr06	21896978	21896979	1
KDChr06	7187922	7187923	1
KDChr06	40942326	40942327	1
KDChr06	17246693	17246694	1
KDChr06	20331201	20331202	1
KDChr06	9181825	9181826	1
